x = 0:1/40:1;
y = 0:1/40:1;
[X, Y] = meshgrid(x, y);
u = [0 , 0 , 0 , 0 , 0 , 0 , 0 , 0 , 0 , 0 , 0 , 0 , 0 , 0 , 0 , 0 , 0 , 0 , 0 , 0 , 0 , 0 , 0 , 0 , 0 , 0 , 0 , 0 , 0 , 0 , 0 , 0 , 0 , 0 , 0 , 0 , 0 , 0 , 0 , 0 , 0 , ;
0 , 0.0061585 , 0.0122765 , 0.018319 , 0.0242481 , 0.0300279 , 0.0356224 , 0.0409974 , 0.0461196 , 0.0509574 , 0.0554811 , 0.0596627 , 0.0634765 , 0.0668988 , 0.0699089 , 0.0724877 , 0.0746199 , 0.0762917 , 0.0774935 , 0.0782172 , 0.0784589 , 0.0782166 , 0.0774925 , 0.0762902 , 0.0746179 , 0.0724852 , 0.069906 , 0.0668953 , 0.0634728 , 0.0596583 , 0.0554766 , 0.0509523 , 0.0461145 , 0.0409917 , 0.0356168 , 0.0300218 , 0.0242422 , 0.0183127 , 0.0122708 , 0.00615311 , 9.60847e-18 , ;
0 , 0.0122765 , 0.0244675 , 0.0365207 , 0.0483372 , 0.0598666 , 0.0710164 , 0.0817384 , 0.091947 , 0.101597 , 0.110614 , 0.118955 , 0.126556 , 0.133383 , 0.139383 , 0.144527 , 0.148778 , 0.152112 , 0.154509 , 0.155952 , 0.156435 , 0.155952 , 0.15451 , 0.152111 , 0.14878 , 0.144526 , 0.139387 , 0.133381 , 0.126561 , 0.118952 , 0.110619 , 0.101594 , 0.0919538 , 0.0817349 , 0.0710239 , 0.0598629 , 0.0483452 , 0.0365169 , 0.0244762 , 0.0122708 , 1.91577e-17 , ;
0 , 0.018319 , 0.0365207 , 0.0544996 , 0.0721403 , 0.0893383 , 0.105984 , 0.121977 , 0.137217 , 0.151612 , 0.165072 , 0.177515 , 0.188862 , 0.199046 , 0.208002 , 0.215676 , 0.22202 , 0.226995 , 0.230571 , 0.232725 , 0.233445 , 0.232724 , 0.23057 , 0.226994 , 0.222019 , 0.215673 , 0.208 , 0.199042 , 0.18886 , 0.17751 , 0.165069 , 0.151608 , 0.137214 , 0.121972 , 0.10598 , 0.0893323 , 0.0721366 , 0.0544934 , 0.0365169 , 0.0183127 , 2.85888e-17 , ;
0 , 0.0242481 , 0.0483372 , 0.0721403 , 0.0954882 , 0.118257 , 0.140288 , 0.161462 , 0.181633 , 0.200692 , 0.218506 , 0.234979 , 0.249999 , 0.263481 , 0.275336 , 0.285495 , 0.293893 , 0.300479 , 0.305214 , 0.308064 , 0.309019 , 0.308064 , 0.305215 , 0.300478 , 0.293896 , 0.285493 , 0.27534 , 0.263479 , 0.250004 , 0.234977 , 0.218512 , 0.200689 , 0.18164 , 0.161459 , 0.140295 , 0.118254 , 0.0954959 , 0.0721366 , 0.0483452 , 0.0242422 , 3.78437e-17 , ;
0 , 0.0300279 , 0.0598666 , 0.0893383 , 0.118257 , 0.146449 , 0.173736 , 0.199953 , 0.224937 , 0.248534 , 0.270599 , 0.290996 , 0.309598 , 0.326292 , 0.340974 , 0.353553 , 0.363953 , 0.372109 , 0.377972 , 0.381502 , 0.382683 , 0.381502 , 0.377971 , 0.372108 , 0.363952 , 0.353551 , 0.340972 , 0.326288 , 0.309596 , 0.290992 , 0.270596 , 0.24853 , 0.224934 , 0.199948 , 0.173733 , 0.146443 , 0.118254 , 0.0893323 , 0.0598629 , 0.0300218 , 4.68652e-17 , ;
0 , 0.0356224 , 0.0710164 , 0.105984 , 0.140288 , 0.173736 , 0.206105 , 0.23721 , 0.266847 , 0.294844 , 0.321019 , 0.345218 , 0.367286 , 0.387091 , 0.404509 , 0.419432 , 0.431772 , 0.441446 , 0.448403 , 0.45259 , 0.453993 , 0.45259 , 0.448404 , 0.441445 , 0.431774 , 0.419431 , 0.404513 , 0.387089 , 0.36729 , 0.345215 , 0.321024 , 0.294841 , 0.266854 , 0.237207 , 0.206112 , 0.173733 , 0.140295 , 0.10598 , 0.0710239 , 0.0356168 , 5.55978e-17 , ;
0 , 0.0409974 , 0.0817384 , 0.121977 , 0.161462 , 0.199953 , 0.23721 , 0.273006 , 0.307118 , 0.339336 , 0.369463 , 0.397311 , 0.42271 , 0.445503 , 0.46555 , 0.482725 , 0.496925 , 0.50806 , 0.516065 , 0.520886 , 0.522498 , 0.520885 , 0.516064 , 0.508059 , 0.496924 , 0.482723 , 0.465548 , 0.4455 , 0.422708 , 0.397307 , 0.36946 , 0.339332 , 0.307115 , 0.273001 , 0.237207 , 0.199948 , 0.161459 , 0.121972 , 0.0817349 , 0.0409917 , 6.39876e-17 , ;
0 , 0.0461196 , 0.091947 , 0.137217 , 0.181633 , 0.224937 , 0.266847 , 0.307118 , 0.345491 , 0.381737 , 0.415627 , 0.446956 , 0.475529 , 0.501169 , 0.523722 , 0.543042 , 0.559019 , 0.571544 , 0.580552 , 0.585972 , 0.587789 , 0.585972 , 0.580553 , 0.571543 , 0.559021 , 0.543041 , 0.523725 , 0.501167 , 0.475533 , 0.446953 , 0.415632 , 0.381734 , 0.345496 , 0.307115 , 0.266854 , 0.224934 , 0.18164 , 0.137214 , 0.0919538 , 0.0461145 , 7.19829e-17 , ;
0 , 0.0509574 , 0.101597 , 0.151612 , 0.200692 , 0.248534 , 0.294844 , 0.339336 , 0.381737 , 0.421783 , 0.459229 , 0.493844 , 0.525414 , 0.553744 , 0.578662 , 0.60001 , 0.617661 , 0.631502 , 0.641451 , 0.647443 , 0.649447 , 0.647443 , 0.641451 , 0.6315 , 0.61766 , 0.600008 , 0.578661 , 0.553742 , 0.525413 , 0.49384 , 0.459227 , 0.421779 , 0.381734 , 0.339332 , 0.294841 , 0.24853 , 0.200689 , 0.151608 , 0.101594 , 0.0509523 , 7.95344e-17 , ;
0 , 0.0554811 , 0.110614 , 0.165072 , 0.218506 , 0.270599 , 0.321019 , 0.369463 , 0.415627 , 0.459229 , 0.500001 , 0.537688 , 0.572063 , 0.602907 , 0.630039 , 0.653281 , 0.672502 , 0.687568 , 0.698405 , 0.704926 , 0.707111 , 0.704925 , 0.698406 , 0.687568 , 0.672503 , 0.65328 , 0.630042 , 0.602906 , 0.572067 , 0.537686 , 0.500005 , 0.459227 , 0.415632 , 0.36946 , 0.321024 , 0.270596 , 0.218512 , 0.165069 , 0.110619 , 0.0554766 , 8.65956e-17 , ;
0 , 0.0596627 , 0.118955 , 0.177515 , 0.234979 , 0.290996 , 0.345218 , 0.397311 , 0.446956 , 0.493844 , 0.537688 , 0.578216 , 0.615181 , 0.648351 , 0.677526 , 0.702521 , 0.723188 , 0.739393 , 0.751043 , 0.758059 , 0.760404 , 0.758059 , 0.751042 , 0.739392 , 0.723187 , 0.70252 , 0.677525 , 0.648349 , 0.615179 , 0.578213 , 0.537686 , 0.49384 , 0.446953 , 0.397307 , 0.345215 , 0.290992 , 0.234977 , 0.17751 , 0.118952 , 0.0596583 , 9.31229e-17 , ;
0 , 0.0634765 , 0.126556 , 0.188862 , 0.249999 , 0.309598 , 0.367286 , 0.42271 , 0.475529 , 0.525414 , 0.572063 , 0.615181 , 0.654511 , 0.6898 , 0.720843 , 0.747433 , 0.769425 , 0.786662 , 0.799061 , 0.806522 , 0.809022 , 0.806521 , 0.799062 , 0.786662 , 0.769426 , 0.747432 , 0.720845 , 0.689798 , 0.654514 , 0.615179 , 0.572067 , 0.525413 , 0.475533 , 0.422708 , 0.36729 , 0.309596 , 0.250004 , 0.18886 , 0.126561 , 0.0634728 , 9.9076e-17 , ;
0 , 0.0668988 , 0.133383 , 0.199046 , 0.263481 , 0.326292 , 0.387091 , 0.445503 , 0.501169 , 0.553744 , 0.602907 , 0.648351 , 0.6898 , 0.726993 , 0.759707 , 0.787734 , 0.810908 , 0.829079 , 0.842141 , 0.850008 , 0.852638 , 0.850008 , 0.842141 , 0.829078 , 0.810907 , 0.787733 , 0.759706 , 0.726991 , 0.689798 , 0.648349 , 0.602906 , 0.553742 , 0.501167 , 0.4455 , 0.387089 , 0.326288 , 0.263479 , 0.199042 , 0.133381 , 0.0668953 , 1.04418e-16 , ;
0 , 0.0699089 , 0.139383 , 0.208002 , 0.275336 , 0.340974 , 0.404509 , 0.46555 , 0.523722 , 0.578662 , 0.630039 , 0.677526 , 0.720843 , 0.759707 , 0.793896 , 0.823181 , 0.847402 , 0.866386 , 0.880042 , 0.888258 , 0.891012 , 0.888258 , 0.880042 , 0.866386 , 0.847403 , 0.823181 , 0.793898 , 0.759706 , 0.720845 , 0.677525 , 0.630042 , 0.578661 , 0.523725 , 0.465548 , 0.404513 , 0.340972 , 0.27534 , 0.208 , 0.139387 , 0.069906 , 1.09117e-16 , ;
0 , 0.0724877 , 0.144527 , 0.215676 , 0.285495 , 0.353553 , 0.419432 , 0.482725 , 0.543042 , 0.60001 , 0.653281 , 0.702521 , 0.747433 , 0.787734 , 0.823181 , 0.85355 , 0.87866 , 0.898349 , 0.912503 , 0.921028 , 0.923878 , 0.921028 , 0.912503 , 0.898349 , 0.87866 , 0.853549 , 0.823181 , 0.787733 , 0.747432 , 0.70252 , 0.65328 , 0.600008 , 0.543041 , 0.482723 , 0.419431 , 0.353551 , 0.285493 , 0.215673 , 0.144526 , 0.0724852 , 1.13143e-16 , ;
0 , 0.0746199 , 0.148778 , 0.22202 , 0.293893 , 0.363953 , 0.431772 , 0.496925 , 0.559019 , 0.617661 , 0.672502 , 0.723188 , 0.769425 , 0.810908 , 0.847402 , 0.87866 , 0.904513 , 0.924777 , 0.939353 , 0.948123 , 0.951062 , 0.948123 , 0.939353 , 0.924777 , 0.904514 , 0.87866 , 0.847403 , 0.810907 , 0.769426 , 0.723187 , 0.672503 , 0.61766 , 0.559021 , 0.496924 , 0.431774 , 0.363952 , 0.293896 , 0.222019 , 0.14878 , 0.0746179 , 1.16471e-16 , ;
0 , 0.0762917 , 0.152112 , 0.226995 , 0.300479 , 0.372109 , 0.441446 , 0.50806 , 0.571544 , 0.631502 , 0.687568 , 0.739393 , 0.786662 , 0.829079 , 0.866386 , 0.898349 , 0.924777 , 0.945499 , 0.960397 , 0.969368 , 0.972368 , 0.969368 , 0.960396 , 0.945499 , 0.924777 , 0.898349 , 0.866386 , 0.829078 , 0.786662 , 0.739392 , 0.687568 , 0.6315 , 0.571543 , 0.508059 , 0.441445 , 0.372108 , 0.300478 , 0.226994 , 0.152111 , 0.0762902 , 1.19081e-16 , ;
0 , 0.0774935 , 0.154509 , 0.230571 , 0.305214 , 0.377972 , 0.448403 , 0.516065 , 0.580552 , 0.641451 , 0.698405 , 0.751043 , 0.799061 , 0.842141 , 0.880042 , 0.912503 , 0.939353 , 0.960397 , 0.975534 , 0.984642 , 0.987694 , 0.984642 , 0.975534 , 0.960396 , 0.939353 , 0.912503 , 0.880042 , 0.842141 , 0.799062 , 0.751042 , 0.698406 , 0.641451 , 0.580553 , 0.516064 , 0.448404 , 0.377971 , 0.305215 , 0.23057 , 0.15451 , 0.0774925 , 1.20957e-16 , ;
0 , 0.0782172 , 0.155952 , 0.232725 , 0.308064 , 0.381502 , 0.45259 , 0.520886 , 0.585972 , 0.647443 , 0.704926 , 0.758059 , 0.806522 , 0.850008 , 0.888258 , 0.921028 , 0.948123 , 0.969368 , 0.984642 , 0.99384 , 0.996915 , 0.99384 , 0.984642 , 0.969368 , 0.948123 , 0.921028 , 0.888258 , 0.850008 , 0.806521 , 0.758059 , 0.704925 , 0.647443 , 0.585972 , 0.520885 , 0.45259 , 0.381502 , 0.308064 , 0.232724 , 0.155952 , 0.0782166 , 1.22087e-16 , ;
0 , 0.0784589 , 0.156435 , 0.233445 , 0.309019 , 0.382683 , 0.453993 , 0.522498 , 0.587789 , 0.649447 , 0.707111 , 0.760404 , 0.809022 , 0.852638 , 0.891012 , 0.923878 , 0.951062 , 0.972368 , 0.987694 , 0.996915 , 1.00001 , 0.996915 , 0.987694 , 0.972368 , 0.951062 , 0.923878 , 0.891012 , 0.852638 , 0.809022 , 0.760404 , 0.707111 , 0.649447 , 0.587789 , 0.522498 , 0.453993 , 0.382683 , 0.309019 , 0.233445 , 0.156435 , 0.0784589 , 1.22465e-16 , ;
0 , 0.0782166 , 0.155952 , 0.232724 , 0.308064 , 0.381502 , 0.45259 , 0.520885 , 0.585972 , 0.647443 , 0.704925 , 0.758059 , 0.806521 , 0.850008 , 0.888258 , 0.921028 , 0.948123 , 0.969368 , 0.984642 , 0.99384 , 0.996915 , 0.99384 , 0.984642 , 0.969368 , 0.948123 , 0.921028 , 0.888258 , 0.850008 , 0.806522 , 0.758059 , 0.704926 , 0.647443 , 0.585972 , 0.520886 , 0.45259 , 0.381502 , 0.308064 , 0.232725 , 0.155952 , 0.0782172 , 1.22087e-16 , ;
0 , 0.0774925 , 0.15451 , 0.23057 , 0.305215 , 0.377971 , 0.448404 , 0.516064 , 0.580553 , 0.641451 , 0.698406 , 0.751042 , 0.799062 , 0.842141 , 0.880042 , 0.912503 , 0.939353 , 0.960396 , 0.975534 , 0.984642 , 0.987694 , 0.984642 , 0.975534 , 0.960397 , 0.939353 , 0.912503 , 0.880042 , 0.842141 , 0.799061 , 0.751043 , 0.698405 , 0.641451 , 0.580552 , 0.516065 , 0.448403 , 0.377972 , 0.305214 , 0.230571 , 0.154509 , 0.0774935 , 1.20957e-16 , ;
0 , 0.0762902 , 0.152111 , 0.226994 , 0.300478 , 0.372108 , 0.441445 , 0.508059 , 0.571543 , 0.6315 , 0.687568 , 0.739392 , 0.786662 , 0.829078 , 0.866386 , 0.898349 , 0.924777 , 0.945499 , 0.960396 , 0.969368 , 0.972368 , 0.969368 , 0.960397 , 0.945499 , 0.924777 , 0.898349 , 0.866386 , 0.829079 , 0.786662 , 0.739393 , 0.687568 , 0.631502 , 0.571544 , 0.50806 , 0.441446 , 0.372109 , 0.300479 , 0.226995 , 0.152112 , 0.0762917 , 1.19081e-16 , ;
0 , 0.0746179 , 0.14878 , 0.222019 , 0.293896 , 0.363952 , 0.431774 , 0.496924 , 0.559021 , 0.61766 , 0.672503 , 0.723187 , 0.769426 , 0.810907 , 0.847403 , 0.87866 , 0.904514 , 0.924777 , 0.939353 , 0.948123 , 0.951062 , 0.948123 , 0.939353 , 0.924777 , 0.904513 , 0.87866 , 0.847402 , 0.810908 , 0.769425 , 0.723188 , 0.672502 , 0.617661 , 0.559019 , 0.496925 , 0.431772 , 0.363953 , 0.293893 , 0.22202 , 0.148778 , 0.0746199 , 1.16471e-16 , ;
0 , 0.0724852 , 0.144526 , 0.215673 , 0.285493 , 0.353551 , 0.419431 , 0.482723 , 0.543041 , 0.600008 , 0.65328 , 0.70252 , 0.747432 , 0.787733 , 0.823181 , 0.853549 , 0.87866 , 0.898349 , 0.912503 , 0.921028 , 0.923878 , 0.921028 , 0.912503 , 0.898349 , 0.87866 , 0.85355 , 0.823181 , 0.787734 , 0.747433 , 0.702521 , 0.653281 , 0.60001 , 0.543042 , 0.482725 , 0.419432 , 0.353553 , 0.285495 , 0.215676 , 0.144527 , 0.0724877 , 1.13143e-16 , ;
0 , 0.069906 , 0.139387 , 0.208 , 0.27534 , 0.340972 , 0.404513 , 0.465548 , 0.523725 , 0.578661 , 0.630042 , 0.677525 , 0.720845 , 0.759706 , 0.793898 , 0.823181 , 0.847403 , 0.866386 , 0.880042 , 0.888258 , 0.891012 , 0.888258 , 0.880042 , 0.866386 , 0.847402 , 0.823181 , 0.793896 , 0.759707 , 0.720843 , 0.677526 , 0.630039 , 0.578662 , 0.523722 , 0.46555 , 0.404509 , 0.340974 , 0.275336 , 0.208002 , 0.139383 , 0.0699089 , 1.09117e-16 , ;
0 , 0.0668953 , 0.133381 , 0.199042 , 0.263479 , 0.326288 , 0.387089 , 0.4455 , 0.501167 , 0.553742 , 0.602906 , 0.648349 , 0.689798 , 0.726991 , 0.759706 , 0.787733 , 0.810907 , 0.829078 , 0.842141 , 0.850008 , 0.852638 , 0.850008 , 0.842141 , 0.829079 , 0.810908 , 0.787734 , 0.759707 , 0.726993 , 0.6898 , 0.648351 , 0.602907 , 0.553744 , 0.501169 , 0.445503 , 0.387091 , 0.326292 , 0.263481 , 0.199046 , 0.133383 , 0.0668988 , 1.04418e-16 , ;
0 , 0.0634728 , 0.126561 , 0.18886 , 0.250004 , 0.309596 , 0.36729 , 0.422708 , 0.475533 , 0.525413 , 0.572067 , 0.615179 , 0.654514 , 0.689798 , 0.720845 , 0.747432 , 0.769426 , 0.786662 , 0.799062 , 0.806521 , 0.809022 , 0.806522 , 0.799061 , 0.786662 , 0.769425 , 0.747433 , 0.720843 , 0.6898 , 0.654511 , 0.615181 , 0.572063 , 0.525414 , 0.475529 , 0.42271 , 0.367286 , 0.309598 , 0.249999 , 0.188862 , 0.126556 , 0.0634765 , 9.9076e-17 , ;
0 , 0.0596583 , 0.118952 , 0.17751 , 0.234977 , 0.290992 , 0.345215 , 0.397307 , 0.446953 , 0.49384 , 0.537686 , 0.578213 , 0.615179 , 0.648349 , 0.677525 , 0.70252 , 0.723187 , 0.739392 , 0.751042 , 0.758059 , 0.760404 , 0.758059 , 0.751043 , 0.739393 , 0.723188 , 0.702521 , 0.677526 , 0.648351 , 0.615181 , 0.578216 , 0.537688 , 0.493844 , 0.446956 , 0.397311 , 0.345218 , 0.290996 , 0.234979 , 0.177515 , 0.118955 , 0.0596627 , 9.31229e-17 , ;
0 , 0.0554766 , 0.110619 , 0.165069 , 0.218512 , 0.270596 , 0.321024 , 0.36946 , 0.415632 , 0.459227 , 0.500005 , 0.537686 , 0.572067 , 0.602906 , 0.630042 , 0.65328 , 0.672503 , 0.687568 , 0.698406 , 0.704925 , 0.707111 , 0.704926 , 0.698405 , 0.687568 , 0.672502 , 0.653281 , 0.630039 , 0.602907 , 0.572063 , 0.537688 , 0.500001 , 0.459229 , 0.415627 , 0.369463 , 0.321019 , 0.270599 , 0.218506 , 0.165072 , 0.110614 , 0.0554811 , 8.65956e-17 , ;
0 , 0.0509523 , 0.101594 , 0.151608 , 0.200689 , 0.24853 , 0.294841 , 0.339332 , 0.381734 , 0.421779 , 0.459227 , 0.49384 , 0.525413 , 0.553742 , 0.578661 , 0.600008 , 0.61766 , 0.6315 , 0.641451 , 0.647443 , 0.649447 , 0.647443 , 0.641451 , 0.631502 , 0.617661 , 0.60001 , 0.578662 , 0.553744 , 0.525414 , 0.493844 , 0.459229 , 0.421783 , 0.381737 , 0.339336 , 0.294844 , 0.248534 , 0.200692 , 0.151612 , 0.101597 , 0.0509574 , 7.95344e-17 , ;
0 , 0.0461145 , 0.0919538 , 0.137214 , 0.18164 , 0.224934 , 0.266854 , 0.307115 , 0.345496 , 0.381734 , 0.415632 , 0.446953 , 0.475533 , 0.501167 , 0.523725 , 0.543041 , 0.559021 , 0.571543 , 0.580553 , 0.585972 , 0.587789 , 0.585972 , 0.580552 , 0.571544 , 0.559019 , 0.543042 , 0.523722 , 0.501169 , 0.475529 , 0.446956 , 0.415627 , 0.381737 , 0.345491 , 0.307118 , 0.266847 , 0.224937 , 0.181633 , 0.137217 , 0.091947 , 0.0461196 , 7.19829e-17 , ;
0 , 0.0409917 , 0.0817349 , 0.121972 , 0.161459 , 0.199948 , 0.237207 , 0.273001 , 0.307115 , 0.339332 , 0.36946 , 0.397307 , 0.422708 , 0.4455 , 0.465548 , 0.482723 , 0.496924 , 0.508059 , 0.516064 , 0.520885 , 0.522498 , 0.520886 , 0.516065 , 0.50806 , 0.496925 , 0.482725 , 0.46555 , 0.445503 , 0.42271 , 0.397311 , 0.369463 , 0.339336 , 0.307118 , 0.273006 , 0.23721 , 0.199953 , 0.161462 , 0.121977 , 0.0817384 , 0.0409974 , 6.39876e-17 , ;
0 , 0.0356168 , 0.0710239 , 0.10598 , 0.140295 , 0.173733 , 0.206112 , 0.237207 , 0.266854 , 0.294841 , 0.321024 , 0.345215 , 0.36729 , 0.387089 , 0.404513 , 0.419431 , 0.431774 , 0.441445 , 0.448404 , 0.45259 , 0.453993 , 0.45259 , 0.448403 , 0.441446 , 0.431772 , 0.419432 , 0.404509 , 0.387091 , 0.367286 , 0.345218 , 0.321019 , 0.294844 , 0.266847 , 0.23721 , 0.206105 , 0.173736 , 0.140288 , 0.105984 , 0.0710164 , 0.0356224 , 5.55978e-17 , ;
0 , 0.0300218 , 0.0598629 , 0.0893323 , 0.118254 , 0.146443 , 0.173733 , 0.199948 , 0.224934 , 0.24853 , 0.270596 , 0.290992 , 0.309596 , 0.326288 , 0.340972 , 0.353551 , 0.363952 , 0.372108 , 0.377971 , 0.381502 , 0.382683 , 0.381502 , 0.377972 , 0.372109 , 0.363953 , 0.353553 , 0.340974 , 0.326292 , 0.309598 , 0.290996 , 0.270599 , 0.248534 , 0.224937 , 0.199953 , 0.173736 , 0.146449 , 0.118257 , 0.0893383 , 0.0598666 , 0.0300279 , 4.68652e-17 , ;
0 , 0.0242422 , 0.0483452 , 0.0721366 , 0.0954959 , 0.118254 , 0.140295 , 0.161459 , 0.18164 , 0.200689 , 0.218512 , 0.234977 , 0.250004 , 0.263479 , 0.27534 , 0.285493 , 0.293896 , 0.300478 , 0.305215 , 0.308064 , 0.309019 , 0.308064 , 0.305214 , 0.300479 , 0.293893 , 0.285495 , 0.275336 , 0.263481 , 0.249999 , 0.234979 , 0.218506 , 0.200692 , 0.181633 , 0.161462 , 0.140288 , 0.118257 , 0.0954882 , 0.0721403 , 0.0483372 , 0.0242481 , 3.78437e-17 , ;
0 , 0.0183127 , 0.0365169 , 0.0544934 , 0.0721366 , 0.0893323 , 0.10598 , 0.121972 , 0.137214 , 0.151608 , 0.165069 , 0.17751 , 0.18886 , 0.199042 , 0.208 , 0.215673 , 0.222019 , 0.226994 , 0.23057 , 0.232724 , 0.233445 , 0.232725 , 0.230571 , 0.226995 , 0.22202 , 0.215676 , 0.208002 , 0.199046 , 0.188862 , 0.177515 , 0.165072 , 0.151612 , 0.137217 , 0.121977 , 0.105984 , 0.0893383 , 0.0721403 , 0.0544996 , 0.0365207 , 0.018319 , 2.85888e-17 , ;
0 , 0.0122708 , 0.0244762 , 0.0365169 , 0.0483452 , 0.0598629 , 0.0710239 , 0.0817349 , 0.0919538 , 0.101594 , 0.110619 , 0.118952 , 0.126561 , 0.133381 , 0.139387 , 0.144526 , 0.14878 , 0.152111 , 0.15451 , 0.155952 , 0.156435 , 0.155952 , 0.154509 , 0.152112 , 0.148778 , 0.144527 , 0.139383 , 0.133383 , 0.126556 , 0.118955 , 0.110614 , 0.101597 , 0.091947 , 0.0817384 , 0.0710164 , 0.0598666 , 0.0483372 , 0.0365207 , 0.0244675 , 0.0122765 , 1.91577e-17 , ;
0 , 0.00615311 , 0.0122708 , 0.0183127 , 0.0242422 , 0.0300218 , 0.0356168 , 0.0409917 , 0.0461145 , 0.0509523 , 0.0554766 , 0.0596583 , 0.0634728 , 0.0668953 , 0.069906 , 0.0724852 , 0.0746179 , 0.0762902 , 0.0774925 , 0.0782166 , 0.0784589 , 0.0782172 , 0.0774935 , 0.0762917 , 0.0746199 , 0.0724877 , 0.0699089 , 0.0668988 , 0.0634765 , 0.0596627 , 0.0554811 , 0.0509574 , 0.0461196 , 0.0409974 , 0.0356224 , 0.0300279 , 0.0242481 , 0.018319 , 0.0122765 , 0.0061585 , 9.60847e-18 , ;
0 , 9.60847e-18 , 1.91577e-17 , 2.85888e-17 , 3.78437e-17 , 4.68652e-17 , 5.55978e-17 , 6.39876e-17 , 7.19829e-17 , 7.95344e-17 , 8.65956e-17 , 9.31229e-17 , 9.9076e-17 , 1.04418e-16 , 1.09117e-16 , 1.13143e-16 , 1.16471e-16 , 1.19081e-16 , 1.20957e-16 , 1.22087e-16 , 1.22465e-16 , 1.22087e-16 , 1.20957e-16 , 1.19081e-16 , 1.16471e-16 , 1.13143e-16 , 1.09117e-16 , 1.04418e-16 , 9.9076e-17 , 9.31229e-17 , 8.65956e-17 , 7.95344e-17 , 7.19829e-17 , 6.39876e-17 , 5.55978e-17 , 4.68652e-17 , 3.78437e-17 , 2.85888e-17 , 1.91577e-17 , 9.60847e-18 , 1.49976e-32 , ;
];
surf(X, Y, u);
