x = 0:1/100:1;
y = 0:1/100:1;
[X, Y] = meshgrid(x, y);
u = [0 , 0 , 0 , 0 , 0 , 0 , 0 , 0 , 0 , 0 , 0 , 0 , 0 , 0 , 0 , 0 , 0 , 0 , 0 , 0 , 0 , 0 , 0 , 0 , 0 , 0 , 0 , 0 , 0 , 0 , 0 , 0 , 0 , 0 , 0 , 0 , 0 , 0 , 0 , 0 , 0 , 0 , 0 , 0 , 0 , 0 , 0 , 0 , 0 , 0 , 0 , 0 , 0 , 0 , 0 , 0 , 0 , 0 , 0 , 0 , 0 , 0 , 0 , 0 , 0 , 0 , 0 , 0 , 0 , 0 , 0 , 0 , 0 , 0 , 0 , 0 , 0 , 0 , 0 , 0 , 0 , 0 , 0 , 0 , 0 , 0 , 0 , 0 , 0 , 0 , 0 , 0 , 0 , 0 , 0 , 0 , 0 , 0 , 0 , 0 , 0 , ;
0 , 0.000986705 , 0.00197237 , 0.0029561 , 0.00393689 , 0.00491381 , 0.00588587 , 0.00685213 , 0.00781162 , 0.0087634 , 0.00970653 , 0.0106401 , 0.0115631 , 0.0124748 , 0.0133741 , 0.0142603 , 0.0151323 , 0.0159894 , 0.0168308 , 0.0176555 , 0.0184628 , 0.0192519 , 0.020022 , 0.0207724 , 0.0215022 , 0.0222108 , 0.0228975 , 0.0235616 , 0.0242025 , 0.0248194 , 0.0254119 , 0.0259793 , 0.026521 , 0.0270366 , 0.0275255 , 0.0279872 , 0.0284213 , 0.0288274 , 0.029205 , 0.0295538 , 0.0298734 , 0.0301636 , 0.030424 , 0.0306543 , 0.0308544 , 0.0310241 , 0.0311631 , 0.0312714 , 0.0313488 , 0.0313953 , 0.0314108 , 0.0313953 , 0.0313488 , 0.0312713 , 0.0311631 , 0.031024 , 0.0308544 , 0.0306543 , 0.0304239 , 0.0301635 , 0.0298734 , 0.0295537 , 0.029205 , 0.0288273 , 0.0284213 , 0.0279871 , 0.0275254 , 0.0270365 , 0.0265209 , 0.0259792 , 0.0254118 , 0.0248193 , 0.0242024 , 0.0235615 , 0.0228974 , 0.0222107 , 0.0215021 , 0.0207722 , 0.0200219 , 0.0192518 , 0.0184627 , 0.0176554 , 0.0168307 , 0.0159893 , 0.0151322 , 0.0142601 , 0.013374 , 0.0124746 , 0.011563 , 0.0106399 , 0.00970638 , 0.00876324 , 0.00781146 , 0.00685196 , 0.00588571 , 0.00491364 , 0.00393673 , 0.00295593 , 0.00197222 , 0.000986566 , 3.84671e-18 , ;
0 , 0.00197237 , 0.00394254 , 0.00590916 , 0.00786963 , 0.00982265 , 0.0117657 , 0.0136974 , 0.0156153 , 0.017518 , 0.0194032 , 0.0212696 , 0.0231146 , 0.0249372 , 0.0267348 , 0.0285063 , 0.0302495 , 0.031963 , 0.0336448 , 0.0352936 , 0.0369073 , 0.0384848 , 0.0400241 , 0.0415242 , 0.042983 , 0.0443996 , 0.0457723 , 0.0470999 , 0.0483809 , 0.0496143 , 0.0507985 , 0.0519328 , 0.0530157 , 0.0540465 , 0.0550237 , 0.0559468 , 0.0568145 , 0.0576263 , 0.0583811 , 0.0590784 , 0.0597173 , 0.0602974 , 0.0608178 , 0.0612783 , 0.0616783 , 0.0620175 , 0.0622954 , 0.0625119 , 0.0626666 , 0.0627595 , 0.0627905 , 0.0627595 , 0.0626666 , 0.0625118 , 0.0622954 , 0.0620175 , 0.0616784 , 0.0612783 , 0.0608179 , 0.0602973 , 0.0597174 , 0.0590784 , 0.0583812 , 0.0576263 , 0.0568146 , 0.0559467 , 0.0550238 , 0.0540464 , 0.0530159 , 0.0519328 , 0.0507987 , 0.0496142 , 0.048381 , 0.0470998 , 0.0457724 , 0.0443996 , 0.0429832 , 0.0415241 , 0.0400243 , 0.0384847 , 0.0369074 , 0.0352935 , 0.0336449 , 0.0319629 , 0.0302497 , 0.0285062 , 0.026735 , 0.0249371 , 0.0231148 , 0.0212695 , 0.0194034 , 0.0175179 , 0.0156155 , 0.0136973 , 0.0117659 , 0.00982255 , 0.00786985 , 0.00590906 , 0.00394276 , 0.00197222 , 7.68962e-18 , ;
0 , 0.0029561 , 0.00590916 , 0.00885646 , 0.011795 , 0.0147219 , 0.0176342 , 0.0205292 , 0.0234038 , 0.0262555 , 0.0290811 , 0.0318781 , 0.0346436 , 0.037375 , 0.0400694 , 0.0427244 , 0.0453371 , 0.0479051 , 0.0504258 , 0.0528968 , 0.0553155 , 0.0576797 , 0.0599869 , 0.062235 , 0.0644216 , 0.0665447 , 0.068602 , 0.0705917 , 0.0725117 , 0.0743602 , 0.0761353 , 0.0778352 , 0.0794583 , 0.081003 , 0.0824678 , 0.0838512 , 0.0851518 , 0.0863684 , 0.0874997 , 0.0885447 , 0.0895023 , 0.0903716 , 0.0911517 , 0.0918419 , 0.0924414 , 0.0929497 , 0.0933662 , 0.0936907 , 0.0939226 , 0.0940619 , 0.0941083 , 0.0940619 , 0.0939226 , 0.0936906 , 0.0933662 , 0.0929497 , 0.0924414 , 0.0918419 , 0.0911517 , 0.0903716 , 0.0895023 , 0.0885447 , 0.0874997 , 0.0863683 , 0.0851517 , 0.0838511 , 0.0824677 , 0.0810029 , 0.0794582 , 0.0778351 , 0.0761352 , 0.0743601 , 0.0725117 , 0.0705916 , 0.068602 , 0.0665446 , 0.0644215 , 0.0622349 , 0.0599869 , 0.0576796 , 0.0553154 , 0.0528966 , 0.0504257 , 0.0479049 , 0.045337 , 0.0427242 , 0.0400693 , 0.0373748 , 0.0346435 , 0.031878 , 0.029081 , 0.0262553 , 0.0234037 , 0.020529 , 0.0176341 , 0.0147217 , 0.0117948 , 0.00885629 , 0.00590906 , 0.00295593 , 1.15249e-17 , ;
0 , 0.00393689 , 0.00786963 , 0.011795 , 0.0157083 , 0.0196065 , 0.023485 , 0.0273406 , 0.031169 , 0.0349669 , 0.03873 , 0.0424552 , 0.0461381 , 0.0497759 , 0.0533642 , 0.0569001 , 0.0603797 , 0.0637998 , 0.0671568 , 0.0704478 , 0.073669 , 0.0768177 , 0.0798903 , 0.0828844 , 0.0857964 , 0.088624 , 0.0913639 , 0.0940139 , 0.0965709 , 0.0990327 , 0.101397 , 0.103661 , 0.105822 , 0.10788 , 0.10983 , 0.111673 , 0.113405 , 0.115025 , 0.116532 , 0.117924 , 0.119199 , 0.120357 , 0.121396 , 0.122315 , 0.123113 , 0.12379 , 0.124345 , 0.124777 , 0.125086 , 0.125271 , 0.125333 , 0.125271 , 0.125086 , 0.124777 , 0.124345 , 0.12379 , 0.123113 , 0.122315 , 0.121396 , 0.120357 , 0.119199 , 0.117924 , 0.116532 , 0.115025 , 0.113405 , 0.111673 , 0.10983 , 0.10788 , 0.105822 , 0.103661 , 0.101397 , 0.0990326 , 0.096571 , 0.0940138 , 0.0913641 , 0.0886239 , 0.0857966 , 0.0828843 , 0.0798905 , 0.0768176 , 0.0736691 , 0.0704477 , 0.067157 , 0.0637998 , 0.0603798 , 0.0569 , 0.0533644 , 0.0497758 , 0.0461383 , 0.0424551 , 0.0387302 , 0.0349668 , 0.0311692 , 0.0273405 , 0.0234852 , 0.0196064 , 0.0157085 , 0.0117948 , 0.00786985 , 0.00393673 , 1.53489e-17 , ;
0 , 0.00491381 , 0.00982265 , 0.0147219 , 0.0196065 , 0.0244718 , 0.0293129 , 0.0341252 , 0.0389037 , 0.0436439 , 0.048341 , 0.0529904 , 0.0575874 , 0.0621277 , 0.0666066 , 0.0710198 , 0.0753629 , 0.0796317 , 0.0838218 , 0.0879293 , 0.0919499 , 0.0958798 , 0.0997151 , 0.103452 , 0.107087 , 0.110616 , 0.114036 , 0.117343 , 0.120535 , 0.123608 , 0.126558 , 0.129384 , 0.132082 , 0.13465 , 0.137085 , 0.139384 , 0.141546 , 0.143568 , 0.145449 , 0.147186 , 0.148778 , 0.150223 , 0.15152 , 0.152667 , 0.153664 , 0.154508 , 0.155201 , 0.15574 , 0.156126 , 0.156357 , 0.156434 , 0.156357 , 0.156126 , 0.15574 , 0.155201 , 0.154508 , 0.153664 , 0.152667 , 0.15152 , 0.150223 , 0.148778 , 0.147186 , 0.145449 , 0.143568 , 0.141546 , 0.139384 , 0.137085 , 0.13465 , 0.132082 , 0.129384 , 0.126558 , 0.123607 , 0.120535 , 0.117343 , 0.114036 , 0.110616 , 0.107087 , 0.103452 , 0.099715 , 0.0958797 , 0.0919498 , 0.0879291 , 0.0838217 , 0.0796315 , 0.0753628 , 0.0710197 , 0.0666065 , 0.0621275 , 0.0575873 , 0.0529902 , 0.0483409 , 0.0436437 , 0.0389036 , 0.034125 , 0.0293128 , 0.0244717 , 0.0196064 , 0.0147217 , 0.00982255 , 0.00491364 , 1.91577e-17 , ;
0 , 0.00588587 , 0.0117657 , 0.0176342 , 0.023485 , 0.0293129 , 0.0351117 , 0.040876 , 0.0465997 , 0.0522778 , 0.0579039 , 0.0634732 , 0.0689796 , 0.0744181 , 0.079783 , 0.0850694 , 0.0902716 , 0.0953849 , 0.100404 , 0.105324 , 0.11014 , 0.114847 , 0.119441 , 0.123918 , 0.128271 , 0.132499 , 0.136595 , 0.140557 , 0.14438 , 0.14806 , 0.151595 , 0.154979 , 0.158211 , 0.161287 , 0.164203 , 0.166958 , 0.169548 , 0.17197 , 0.174223 , 0.176303 , 0.17821 , 0.179941 , 0.181494 , 0.182869 , 0.184062 , 0.185074 , 0.185904 , 0.18655 , 0.187012 , 0.187289 , 0.187381 , 0.187289 , 0.187012 , 0.18655 , 0.185904 , 0.185074 , 0.184062 , 0.182869 , 0.181494 , 0.179941 , 0.17821 , 0.176303 , 0.174223 , 0.17197 , 0.169548 , 0.166958 , 0.164204 , 0.161287 , 0.158211 , 0.154979 , 0.151595 , 0.14806 , 0.14438 , 0.140557 , 0.136595 , 0.132499 , 0.128271 , 0.123917 , 0.119441 , 0.114847 , 0.11014 , 0.105324 , 0.100404 , 0.0953848 , 0.0902717 , 0.0850693 , 0.0797832 , 0.074418 , 0.0689798 , 0.0634731 , 0.0579041 , 0.0522777 , 0.0465999 , 0.0408759 , 0.0351119 , 0.0293128 , 0.0234852 , 0.0176341 , 0.0117659 , 0.00588571 , 2.29476e-17 , ;
0 , 0.00685213 , 0.0136974 , 0.0205292 , 0.0273406 , 0.0341252 , 0.040876 , 0.0475866 , 0.0542501 , 0.0608601 , 0.06741 , 0.0738935 , 0.0803039 , 0.0866352 , 0.0928809 , 0.099035 , 0.105091 , 0.111044 , 0.116887 , 0.122615 , 0.128221 , 0.133702 , 0.13905 , 0.144261 , 0.149329 , 0.154251 , 0.15902 , 0.163632 , 0.168082 , 0.172367 , 0.176482 , 0.180422 , 0.184184 , 0.187765 , 0.19116 , 0.194367 , 0.197382 , 0.200202 , 0.202824 , 0.205247 , 0.207467 , 0.209482 , 0.21129 , 0.21289 , 0.214279 , 0.215458 , 0.216423 , 0.217175 , 0.217713 , 0.218036 , 0.218143 , 0.218036 , 0.217713 , 0.217175 , 0.216423 , 0.215457 , 0.214279 , 0.21289 , 0.21129 , 0.209482 , 0.207467 , 0.205247 , 0.202824 , 0.200202 , 0.197382 , 0.194367 , 0.19116 , 0.187765 , 0.184184 , 0.180422 , 0.176482 , 0.172367 , 0.168082 , 0.163632 , 0.15902 , 0.15425 , 0.149329 , 0.144261 , 0.13905 , 0.133701 , 0.128221 , 0.122615 , 0.116887 , 0.111044 , 0.105091 , 0.0990349 , 0.0928808 , 0.086635 , 0.0803038 , 0.0738933 , 0.0674099 , 0.0608599 , 0.05425 , 0.0475864 , 0.0408759 , 0.034125 , 0.0273405 , 0.020529 , 0.0136973 , 0.00685196 , 2.67148e-17 , ;
0 , 0.00781162 , 0.0156153 , 0.0234038 , 0.031169 , 0.0389037 , 0.0465997 , 0.0542501 , 0.0618466 , 0.0693823 , 0.0768493 , 0.0842407 , 0.0915488 , 0.0987667 , 0.105887 , 0.112903 , 0.119807 , 0.126593 , 0.133255 , 0.139784 , 0.146176 , 0.152424 , 0.158521 , 0.164462 , 0.17024 , 0.17585 , 0.181287 , 0.186545 , 0.191619 , 0.196504 , 0.201194 , 0.205687 , 0.209976 , 0.214058 , 0.217929 , 0.221584 , 0.225021 , 0.228236 , 0.231226 , 0.233988 , 0.236518 , 0.238815 , 0.240877 , 0.242701 , 0.244285 , 0.245628 , 0.246729 , 0.247586 , 0.248199 , 0.248567 , 0.24869 , 0.248567 , 0.248199 , 0.247586 , 0.246729 , 0.245628 , 0.244285 , 0.242701 , 0.240877 , 0.238815 , 0.236518 , 0.233988 , 0.231226 , 0.228236 , 0.225021 , 0.221584 , 0.217929 , 0.214058 , 0.209976 , 0.205687 , 0.201194 , 0.196504 , 0.191619 , 0.186545 , 0.181287 , 0.17585 , 0.17024 , 0.164462 , 0.158521 , 0.152424 , 0.146176 , 0.139784 , 0.133255 , 0.126593 , 0.119807 , 0.112903 , 0.105887 , 0.0987666 , 0.091549 , 0.0842406 , 0.0768495 , 0.0693822 , 0.0618468 , 0.05425 , 0.0465999 , 0.0389036 , 0.0311692 , 0.0234037 , 0.0156155 , 0.00781146 , 3.04557e-17 , ;
0 , 0.0087634 , 0.017518 , 0.0262555 , 0.0349669 , 0.0436439 , 0.0522778 , 0.0608601 , 0.0693823 , 0.0778361 , 0.086213 , 0.0945049 , 0.102704 , 0.110801 , 0.118789 , 0.126659 , 0.134405 , 0.142018 , 0.149491 , 0.156816 , 0.163987 , 0.170996 , 0.177836 , 0.1845 , 0.190983 , 0.197277 , 0.203376 , 0.209274 , 0.214966 , 0.220446 , 0.225709 , 0.230748 , 0.23556 , 0.240139 , 0.244482 , 0.248583 , 0.252439 , 0.256045 , 0.259399 , 0.262497 , 0.265336 , 0.267913 , 0.270226 , 0.272272 , 0.274049 , 0.275556 , 0.276791 , 0.277753 , 0.278441 , 0.278853 , 0.278991 , 0.278853 , 0.278441 , 0.277753 , 0.276791 , 0.275556 , 0.274049 , 0.272272 , 0.270226 , 0.267913 , 0.265336 , 0.262497 , 0.259399 , 0.256045 , 0.252439 , 0.248583 , 0.244482 , 0.240139 , 0.23556 , 0.230748 , 0.225709 , 0.220446 , 0.214966 , 0.209274 , 0.203376 , 0.197276 , 0.190983 , 0.1845 , 0.177836 , 0.170996 , 0.163987 , 0.156816 , 0.149491 , 0.142018 , 0.134405 , 0.126659 , 0.118789 , 0.110801 , 0.102703 , 0.0945048 , 0.0862129 , 0.0778359 , 0.0693822 , 0.0608599 , 0.0522777 , 0.0436437 , 0.0349668 , 0.0262553 , 0.0175179 , 0.00876324 , 3.41666e-17 , ;
0 , 0.00970653 , 0.0194032 , 0.0290811 , 0.03873 , 0.048341 , 0.0579039 , 0.06741 , 0.0768493 , 0.086213 , 0.0954914 , 0.104676 , 0.113757 , 0.122725 , 0.131573 , 0.140291 , 0.14887 , 0.157302 , 0.16558 , 0.173693 , 0.181636 , 0.189399 , 0.196975 , 0.204357 , 0.211537 , 0.218508 , 0.225264 , 0.231797 , 0.238102 , 0.244171 , 0.25 , 0.255582 , 0.260912 , 0.265984 , 0.270794 , 0.275336 , 0.279607 , 0.283602 , 0.287317 , 0.290748 , 0.293893 , 0.296747 , 0.299309 , 0.301575 , 0.303543 , 0.305212 , 0.30658 , 0.307646 , 0.308407 , 0.308864 , 0.309017 , 0.308864 , 0.308407 , 0.307646 , 0.30658 , 0.305212 , 0.303544 , 0.301575 , 0.299309 , 0.296747 , 0.293893 , 0.290748 , 0.287317 , 0.283602 , 0.279607 , 0.275336 , 0.270794 , 0.265984 , 0.260912 , 0.255582 , 0.25 , 0.244171 , 0.238102 , 0.231797 , 0.225264 , 0.218508 , 0.211537 , 0.204357 , 0.196975 , 0.189399 , 0.181636 , 0.173693 , 0.16558 , 0.157302 , 0.14887 , 0.140291 , 0.131573 , 0.122725 , 0.113757 , 0.104676 , 0.0954916 , 0.0862129 , 0.0768495 , 0.0674099 , 0.0579041 , 0.0483409 , 0.0387302 , 0.029081 , 0.0194034 , 0.00970638 , 3.78437e-17 , ;
0 , 0.0106401 , 0.0212696 , 0.0318781 , 0.0424552 , 0.0529904 , 0.0634732 , 0.0738935 , 0.0842407 , 0.0945049 , 0.104676 , 0.114743 , 0.124698 , 0.134529 , 0.144228 , 0.153784 , 0.163188 , 0.172432 , 0.181505 , 0.190399 , 0.199105 , 0.207615 , 0.21592 , 0.224011 , 0.231882 , 0.239524 , 0.246929 , 0.254091 , 0.261002 , 0.267655 , 0.274045 , 0.280164 , 0.286006 , 0.291566 , 0.296838 , 0.301818 , 0.306499 , 0.310878 , 0.314951 , 0.318712 , 0.322159 , 0.325288 , 0.328096 , 0.33058 , 0.332738 , 0.334567 , 0.336067 , 0.337235 , 0.338069 , 0.338571 , 0.338738 , 0.338571 , 0.338069 , 0.337235 , 0.336067 , 0.334567 , 0.332738 , 0.33058 , 0.328096 , 0.325288 , 0.322159 , 0.318712 , 0.314951 , 0.310878 , 0.306499 , 0.301818 , 0.296838 , 0.291566 , 0.286006 , 0.280163 , 0.274045 , 0.267655 , 0.261002 , 0.254091 , 0.246929 , 0.239524 , 0.231882 , 0.224011 , 0.21592 , 0.207615 , 0.199105 , 0.190399 , 0.181505 , 0.172432 , 0.163188 , 0.153784 , 0.144228 , 0.134529 , 0.124698 , 0.114743 , 0.104676 , 0.0945048 , 0.0842406 , 0.0738933 , 0.0634731 , 0.0529902 , 0.0424551 , 0.031878 , 0.0212695 , 0.0106399 , 4.14834e-17 , ;
0 , 0.0115631 , 0.0231146 , 0.0346436 , 0.0461381 , 0.0575874 , 0.0689796 , 0.0803039 , 0.0915488 , 0.102704 , 0.113757 , 0.124698 , 0.135516 , 0.1462 , 0.15674 , 0.167125 , 0.177345 , 0.187391 , 0.197251 , 0.206917 , 0.216378 , 0.225626 , 0.234651 , 0.243445 , 0.251999 , 0.260303 , 0.268351 , 0.276134 , 0.283645 , 0.290875 , 0.297819 , 0.304469 , 0.310818 , 0.31686 , 0.32259 , 0.328001 , 0.333089 , 0.337848 , 0.342274 , 0.346361 , 0.350107 , 0.353508 , 0.356559 , 0.359259 , 0.361604 , 0.363592 , 0.365222 , 0.366491 , 0.367398 , 0.367943 , 0.368125 , 0.367943 , 0.367398 , 0.366491 , 0.365222 , 0.363592 , 0.361604 , 0.359259 , 0.356559 , 0.353508 , 0.350107 , 0.346361 , 0.342274 , 0.337848 , 0.333089 , 0.328001 , 0.32259 , 0.31686 , 0.310818 , 0.304469 , 0.297819 , 0.290875 , 0.283645 , 0.276134 , 0.268351 , 0.260303 , 0.251999 , 0.243445 , 0.234652 , 0.225626 , 0.216378 , 0.206917 , 0.197251 , 0.187391 , 0.177345 , 0.167125 , 0.15674 , 0.1462 , 0.135516 , 0.124698 , 0.113757 , 0.102703 , 0.091549 , 0.0803038 , 0.0689798 , 0.0575873 , 0.0461383 , 0.0346435 , 0.0231148 , 0.011563 , 4.50823e-17 , ;
0 , 0.0124748 , 0.0249372 , 0.037375 , 0.0497759 , 0.0621277 , 0.0744181 , 0.0866352 , 0.0987667 , 0.110801 , 0.122725 , 0.134529 , 0.1462 , 0.157727 , 0.169097 , 0.180301 , 0.191327 , 0.202165 , 0.212803 , 0.22323 , 0.233438 , 0.243415 , 0.253152 , 0.262639 , 0.271866 , 0.280826 , 0.289508 , 0.297905 , 0.306008 , 0.313808 , 0.321299 , 0.328473 , 0.335323 , 0.341842 , 0.348023 , 0.353861 , 0.35935 , 0.364484 , 0.369259 , 0.373669 , 0.37771 , 0.381379 , 0.384671 , 0.387583 , 0.390113 , 0.392258 , 0.394016 , 0.395385 , 0.396364 , 0.396952 , 0.397148 , 0.396952 , 0.396364 , 0.395385 , 0.394016 , 0.392258 , 0.390113 , 0.387583 , 0.384671 , 0.381379 , 0.37771 , 0.373669 , 0.369259 , 0.364484 , 0.35935 , 0.353861 , 0.348023 , 0.341842 , 0.335323 , 0.328473 , 0.321299 , 0.313808 , 0.306008 , 0.297905 , 0.289508 , 0.280826 , 0.271866 , 0.262639 , 0.253152 , 0.243415 , 0.233438 , 0.22323 , 0.212802 , 0.202165 , 0.191327 , 0.180301 , 0.169097 , 0.157726 , 0.1462 , 0.134529 , 0.122725 , 0.110801 , 0.0987666 , 0.086635 , 0.074418 , 0.0621275 , 0.0497758 , 0.0373748 , 0.0249371 , 0.0124746 , 4.86366e-17 , ;
0 , 0.0133741 , 0.0267348 , 0.0400694 , 0.0533642 , 0.0666066 , 0.079783 , 0.0928809 , 0.105887 , 0.118789 , 0.131573 , 0.144228 , 0.15674 , 0.169097 , 0.181288 , 0.1933 , 0.205121 , 0.216739 , 0.228144 , 0.239323 , 0.250267 , 0.260963 , 0.271402 , 0.281573 , 0.291466 , 0.301071 , 0.31038 , 0.319382 , 0.328069 , 0.336432 , 0.344463 , 0.352154 , 0.359497 , 0.366486 , 0.373113 , 0.379372 , 0.385257 , 0.390761 , 0.39588 , 0.400608 , 0.40494 , 0.408873 , 0.412403 , 0.415525 , 0.418238 , 0.420537 , 0.422422 , 0.42389 , 0.424939 , 0.425569 , 0.425779 , 0.425569 , 0.424939 , 0.42389 , 0.422422 , 0.420537 , 0.418238 , 0.415525 , 0.412403 , 0.408873 , 0.40494 , 0.400608 , 0.39588 , 0.390761 , 0.385257 , 0.379372 , 0.373113 , 0.366486 , 0.359497 , 0.352154 , 0.344463 , 0.336432 , 0.328069 , 0.319382 , 0.31038 , 0.301071 , 0.291466 , 0.281573 , 0.271402 , 0.260963 , 0.250267 , 0.239323 , 0.228144 , 0.216739 , 0.205121 , 0.1933 , 0.181288 , 0.169097 , 0.15674 , 0.144228 , 0.131573 , 0.118789 , 0.105887 , 0.0928808 , 0.0797832 , 0.0666065 , 0.0533644 , 0.0400693 , 0.026735 , 0.013374 , 5.21429e-17 , ;
0 , 0.0142603 , 0.0285063 , 0.0427244 , 0.0569001 , 0.0710198 , 0.0850694 , 0.099035 , 0.112903 , 0.126659 , 0.140291 , 0.153784 , 0.167125 , 0.180301 , 0.1933 , 0.206107 , 0.218712 , 0.2311 , 0.24326 , 0.255181 , 0.266849 , 0.278254 , 0.289384 , 0.300229 , 0.310778 , 0.32102 , 0.330945 , 0.340543 , 0.349806 , 0.358723 , 0.367286 , 0.375487 , 0.383317 , 0.390769 , 0.397835 , 0.404508 , 0.410783 , 0.416652 , 0.42211 , 0.427151 , 0.431771 , 0.435964 , 0.439728 , 0.443057 , 0.445949 , 0.448401 , 0.450411 , 0.451976 , 0.453095 , 0.453766 , 0.45399 , 0.453766 , 0.453095 , 0.451976 , 0.450411 , 0.448401 , 0.445949 , 0.443057 , 0.439728 , 0.435964 , 0.431771 , 0.427151 , 0.42211 , 0.416652 , 0.410783 , 0.404508 , 0.397835 , 0.390769 , 0.383317 , 0.375487 , 0.367286 , 0.358723 , 0.349806 , 0.340543 , 0.330945 , 0.32102 , 0.310778 , 0.300229 , 0.289384 , 0.278254 , 0.266849 , 0.25518 , 0.24326 , 0.2311 , 0.218712 , 0.206107 , 0.1933 , 0.180301 , 0.167125 , 0.153784 , 0.140291 , 0.126659 , 0.112903 , 0.0990349 , 0.0850693 , 0.0710197 , 0.0569 , 0.0427242 , 0.0285062 , 0.0142601 , 5.55978e-17 , ;
0 , 0.0151323 , 0.0302495 , 0.0453371 , 0.0603797 , 0.0753629 , 0.0902716 , 0.105091 , 0.119807 , 0.134405 , 0.14887 , 0.163188 , 0.177345 , 0.191327 , 0.205121 , 0.218712 , 0.232087 , 0.245233 , 0.258136 , 0.270786 , 0.283168 , 0.29527 , 0.307081 , 0.318589 , 0.329783 , 0.340651 , 0.351183 , 0.361369 , 0.371198 , 0.38066 , 0.389747 , 0.398449 , 0.406758 , 0.414666 , 0.422164 , 0.429246 , 0.435904 , 0.442132 , 0.447923 , 0.453273 , 0.458175 , 0.462625 , 0.466619 , 0.470151 , 0.473221 , 0.475822 , 0.477955 , 0.479616 , 0.480803 , 0.481516 , 0.481754 , 0.481516 , 0.480803 , 0.479616 , 0.477955 , 0.475822 , 0.473221 , 0.470151 , 0.466619 , 0.462625 , 0.458175 , 0.453273 , 0.447923 , 0.442132 , 0.435904 , 0.429246 , 0.422164 , 0.414666 , 0.406758 , 0.398449 , 0.389747 , 0.38066 , 0.371198 , 0.361369 , 0.351183 , 0.340651 , 0.329783 , 0.318589 , 0.307081 , 0.29527 , 0.283168 , 0.270786 , 0.258137 , 0.245233 , 0.232087 , 0.218712 , 0.205121 , 0.191327 , 0.177345 , 0.163188 , 0.14887 , 0.134405 , 0.119807 , 0.105091 , 0.0902717 , 0.0753628 , 0.0603798 , 0.045337 , 0.0302497 , 0.0151322 , 5.89978e-17 , ;
0 , 0.0159894 , 0.031963 , 0.0479051 , 0.0637998 , 0.0796317 , 0.0953849 , 0.111044 , 0.126593 , 0.142018 , 0.157302 , 0.172432 , 0.187391 , 0.202165 , 0.216739 , 0.2311 , 0.245233 , 0.259123 , 0.272758 , 0.286124 , 0.299207 , 0.311995 , 0.324475 , 0.336635 , 0.348463 , 0.359947 , 0.371075 , 0.381838 , 0.392223 , 0.402222 , 0.411823 , 0.421018 , 0.429798 , 0.438153 , 0.446076 , 0.453559 , 0.460594 , 0.467175 , 0.473295 , 0.478947 , 0.484127 , 0.488829 , 0.493049 , 0.496782 , 0.500025 , 0.502774 , 0.505027 , 0.506782 , 0.508037 , 0.50879 , 0.509041 , 0.50879 , 0.508037 , 0.506782 , 0.505027 , 0.502774 , 0.500025 , 0.496782 , 0.493049 , 0.488829 , 0.484127 , 0.478947 , 0.473295 , 0.467175 , 0.460594 , 0.453559 , 0.446076 , 0.438153 , 0.429798 , 0.421018 , 0.411823 , 0.402222 , 0.392223 , 0.381838 , 0.371075 , 0.359947 , 0.348463 , 0.336635 , 0.324475 , 0.311995 , 0.299207 , 0.286124 , 0.272758 , 0.259123 , 0.245233 , 0.2311 , 0.216739 , 0.202165 , 0.187391 , 0.172432 , 0.157302 , 0.142018 , 0.126593 , 0.111044 , 0.0953848 , 0.0796315 , 0.0637998 , 0.0479049 , 0.0319629 , 0.0159893 , 6.23396e-17 , ;
0 , 0.0168308 , 0.0336448 , 0.0504258 , 0.0671568 , 0.0838218 , 0.100404 , 0.116887 , 0.133255 , 0.149491 , 0.16558 , 0.181505 , 0.197251 , 0.212803 , 0.228144 , 0.24326 , 0.258136 , 0.272758 , 0.28711 , 0.301179 , 0.314951 , 0.328412 , 0.341549 , 0.354349 , 0.366799 , 0.378887 , 0.390601 , 0.40193 , 0.412862 , 0.423386 , 0.433493 , 0.443172 , 0.452414 , 0.461209 , 0.469549 , 0.477425 , 0.484831 , 0.491758 , 0.498199 , 0.504149 , 0.509602 , 0.514551 , 0.518993 , 0.522922 , 0.526336 , 0.52923 , 0.531602 , 0.533449 , 0.53477 , 0.535562 , 0.535827 , 0.535562 , 0.53477 , 0.533449 , 0.531602 , 0.52923 , 0.526336 , 0.522922 , 0.518993 , 0.514551 , 0.509602 , 0.504149 , 0.498199 , 0.491757 , 0.484831 , 0.477425 , 0.469549 , 0.461209 , 0.452414 , 0.443172 , 0.433493 , 0.423386 , 0.412862 , 0.40193 , 0.390601 , 0.378887 , 0.366799 , 0.354349 , 0.341549 , 0.328412 , 0.314951 , 0.301179 , 0.28711 , 0.272758 , 0.258137 , 0.24326 , 0.228144 , 0.212802 , 0.197251 , 0.181505 , 0.16558 , 0.149491 , 0.133255 , 0.116887 , 0.100404 , 0.0838217 , 0.067157 , 0.0504257 , 0.0336449 , 0.0168307 , 6.56199e-17 , ;
0 , 0.0176555 , 0.0352936 , 0.0528968 , 0.0704478 , 0.0879293 , 0.105324 , 0.122615 , 0.139784 , 0.156816 , 0.173693 , 0.190399 , 0.206917 , 0.22323 , 0.239323 , 0.255181 , 0.270786 , 0.286124 , 0.301179 , 0.315938 , 0.330384 , 0.344505 , 0.358285 , 0.371712 , 0.384773 , 0.397453 , 0.409741 , 0.421625 , 0.433093 , 0.444133 , 0.454735 , 0.464888 , 0.474583 , 0.483809 , 0.492557 , 0.50082 , 0.508588 , 0.515855 , 0.522612 , 0.528853 , 0.534573 , 0.539765 , 0.544424 , 0.548547 , 0.552127 , 0.555163 , 0.557651 , 0.559589 , 0.560974 , 0.561806 , 0.562083 , 0.561806 , 0.560974 , 0.559589 , 0.557651 , 0.555163 , 0.552127 , 0.548547 , 0.544424 , 0.539765 , 0.534573 , 0.528853 , 0.522612 , 0.515855 , 0.508588 , 0.50082 , 0.492557 , 0.483809 , 0.474583 , 0.464888 , 0.454735 , 0.444133 , 0.433093 , 0.421625 , 0.409741 , 0.397453 , 0.384772 , 0.371712 , 0.358285 , 0.344505 , 0.330384 , 0.315938 , 0.301179 , 0.286124 , 0.270786 , 0.25518 , 0.239323 , 0.22323 , 0.206917 , 0.190399 , 0.173693 , 0.156816 , 0.139784 , 0.122615 , 0.105324 , 0.0879291 , 0.0704477 , 0.0528966 , 0.0352935 , 0.0176554 , 6.88354e-17 , ;
0 , 0.0184628 , 0.0369073 , 0.0553155 , 0.073669 , 0.0919499 , 0.11014 , 0.128221 , 0.146176 , 0.163987 , 0.181636 , 0.199105 , 0.216378 , 0.233438 , 0.250267 , 0.266849 , 0.283168 , 0.299207 , 0.314951 , 0.330384 , 0.345491 , 0.360258 , 0.374668 , 0.388709 , 0.402367 , 0.415627 , 0.428477 , 0.440904 , 0.452896 , 0.464441 , 0.475528 , 0.486146 , 0.496284 , 0.505931 , 0.51508 , 0.52372 , 0.531844 , 0.539443 , 0.546509 , 0.553036 , 0.559017 , 0.564446 , 0.569319 , 0.573629 , 0.577374 , 0.580549 , 0.58315 , 0.585177 , 0.586625 , 0.587495 , 0.587785 , 0.587495 , 0.586625 , 0.585177 , 0.58315 , 0.580549 , 0.577374 , 0.573629 , 0.569319 , 0.564446 , 0.559017 , 0.553036 , 0.546509 , 0.539443 , 0.531844 , 0.52372 , 0.51508 , 0.505931 , 0.496284 , 0.486146 , 0.475528 , 0.464441 , 0.452896 , 0.440904 , 0.428477 , 0.415627 , 0.402367 , 0.388709 , 0.374669 , 0.360258 , 0.345492 , 0.330384 , 0.314951 , 0.299207 , 0.283168 , 0.266849 , 0.250267 , 0.233438 , 0.216378 , 0.199105 , 0.181636 , 0.163987 , 0.146176 , 0.128221 , 0.11014 , 0.0919498 , 0.0736691 , 0.0553154 , 0.0369074 , 0.0184627 , 7.19829e-17 , ;
0 , 0.0192519 , 0.0384848 , 0.0576797 , 0.0768177 , 0.0958798 , 0.114847 , 0.133702 , 0.152424 , 0.170996 , 0.189399 , 0.207615 , 0.225626 , 0.243415 , 0.260963 , 0.278254 , 0.29527 , 0.311995 , 0.328412 , 0.344505 , 0.360258 , 0.375655 , 0.390682 , 0.405323 , 0.419564 , 0.433391 , 0.44679 , 0.459748 , 0.472253 , 0.484292 , 0.495852 , 0.506924 , 0.517495 , 0.527555 , 0.537095 , 0.546104 , 0.554575 , 0.562498 , 0.569867 , 0.576672 , 0.582909 , 0.588571 , 0.593651 , 0.598146 , 0.602051 , 0.605361 , 0.608074 , 0.610187 , 0.611698 , 0.612605 , 0.612907 , 0.612605 , 0.611698 , 0.610187 , 0.608074 , 0.605361 , 0.602051 , 0.598146 , 0.593651 , 0.588571 , 0.582909 , 0.576672 , 0.569867 , 0.562498 , 0.554575 , 0.546104 , 0.537094 , 0.527555 , 0.517494 , 0.506923 , 0.495852 , 0.484291 , 0.472253 , 0.459748 , 0.44679 , 0.433391 , 0.419564 , 0.405323 , 0.390682 , 0.375655 , 0.360258 , 0.344505 , 0.328412 , 0.311995 , 0.29527 , 0.278254 , 0.260963 , 0.243415 , 0.225626 , 0.207615 , 0.189399 , 0.170996 , 0.152424 , 0.133701 , 0.114847 , 0.0958797 , 0.0768176 , 0.0576796 , 0.0384847 , 0.0192518 , 7.50595e-17 , ;
0 , 0.020022 , 0.0400241 , 0.0599869 , 0.0798903 , 0.0997151 , 0.119441 , 0.13905 , 0.158521 , 0.177836 , 0.196975 , 0.21592 , 0.234651 , 0.253152 , 0.271402 , 0.289384 , 0.307081 , 0.324475 , 0.341549 , 0.358285 , 0.374668 , 0.390682 , 0.406309 , 0.421536 , 0.436347 , 0.450727 , 0.464662 , 0.478139 , 0.491144 , 0.503664 , 0.515687 , 0.527201 , 0.538195 , 0.548658 , 0.558579 , 0.567949 , 0.576759 , 0.584999 , 0.592662 , 0.59974 , 0.606226 , 0.612114 , 0.617398 , 0.622073 , 0.626134 , 0.629576 , 0.632398 , 0.634595 , 0.636166 , 0.637109 , 0.637424 , 0.637109 , 0.636166 , 0.634595 , 0.632398 , 0.629576 , 0.626134 , 0.622073 , 0.617398 , 0.612114 , 0.606226 , 0.59974 , 0.592662 , 0.584999 , 0.576759 , 0.567949 , 0.558579 , 0.548658 , 0.538195 , 0.527201 , 0.515687 , 0.503664 , 0.491144 , 0.478139 , 0.464662 , 0.450727 , 0.436347 , 0.421536 , 0.406309 , 0.390682 , 0.374669 , 0.358285 , 0.341549 , 0.324475 , 0.307081 , 0.289384 , 0.271402 , 0.253152 , 0.234652 , 0.21592 , 0.196975 , 0.177836 , 0.158521 , 0.13905 , 0.119441 , 0.099715 , 0.0798905 , 0.0599869 , 0.0400243 , 0.0200219 , 7.80619e-17 , ;
0 , 0.0207724 , 0.0415242 , 0.062235 , 0.0828844 , 0.103452 , 0.123918 , 0.144261 , 0.164462 , 0.1845 , 0.204357 , 0.224011 , 0.243445 , 0.262639 , 0.281573 , 0.300229 , 0.318589 , 0.336635 , 0.354349 , 0.371712 , 0.388709 , 0.405323 , 0.421536 , 0.437333 , 0.452699 , 0.467618 , 0.482076 , 0.496057 , 0.50955 , 0.522539 , 0.535013 , 0.546958 , 0.558364 , 0.569219 , 0.579512 , 0.589233 , 0.598373 , 0.606922 , 0.614872 , 0.622216 , 0.628945 , 0.635054 , 0.640536 , 0.645385 , 0.649598 , 0.65317 , 0.656097 , 0.658377 , 0.660007 , 0.660985 , 0.661312 , 0.660985 , 0.660007 , 0.658377 , 0.656097 , 0.65317 , 0.649598 , 0.645385 , 0.640535 , 0.635054 , 0.628945 , 0.622216 , 0.614872 , 0.606922 , 0.598373 , 0.589233 , 0.579512 , 0.569219 , 0.558364 , 0.546958 , 0.535012 , 0.522539 , 0.509549 , 0.496057 , 0.482076 , 0.467618 , 0.452699 , 0.437333 , 0.421536 , 0.405323 , 0.388709 , 0.371712 , 0.354349 , 0.336635 , 0.318589 , 0.300229 , 0.281573 , 0.262639 , 0.243445 , 0.224011 , 0.204357 , 0.1845 , 0.164462 , 0.144261 , 0.123917 , 0.103452 , 0.0828843 , 0.0622349 , 0.0415241 , 0.0207722 , 8.09873e-17 , ;
0 , 0.0215022 , 0.042983 , 0.0644216 , 0.0857964 , 0.107087 , 0.128271 , 0.149329 , 0.17024 , 0.190983 , 0.211537 , 0.231882 , 0.251999 , 0.271866 , 0.291466 , 0.310778 , 0.329783 , 0.348463 , 0.366799 , 0.384773 , 0.402367 , 0.419564 , 0.436347 , 0.452699 , 0.468605 , 0.484048 , 0.499013 , 0.513486 , 0.527453 , 0.540898 , 0.55381 , 0.566176 , 0.577982 , 0.589218 , 0.599873 , 0.609936 , 0.619397 , 0.628246 , 0.636476 , 0.644077 , 0.651043 , 0.657366 , 0.663041 , 0.668061 , 0.672422 , 0.676119 , 0.679149 , 0.681509 , 0.683196 , 0.684209 , 0.684547 , 0.684209 , 0.683196 , 0.681509 , 0.679149 , 0.676119 , 0.672422 , 0.668061 , 0.663041 , 0.657366 , 0.651043 , 0.644077 , 0.636476 , 0.628246 , 0.619397 , 0.609936 , 0.599873 , 0.589218 , 0.577982 , 0.566176 , 0.55381 , 0.540898 , 0.527453 , 0.513486 , 0.499013 , 0.484048 , 0.468605 , 0.452699 , 0.436347 , 0.419564 , 0.402367 , 0.384772 , 0.366799 , 0.348463 , 0.329783 , 0.310778 , 0.291466 , 0.271866 , 0.251999 , 0.231882 , 0.211537 , 0.190983 , 0.17024 , 0.149329 , 0.128271 , 0.107087 , 0.0857966 , 0.0644215 , 0.0429832 , 0.0215021 , 8.38328e-17 , ;
0 , 0.0222108 , 0.0443996 , 0.0665447 , 0.088624 , 0.110616 , 0.132499 , 0.154251 , 0.17585 , 0.197277 , 0.218508 , 0.239524 , 0.260303 , 0.280826 , 0.301071 , 0.32102 , 0.340651 , 0.359947 , 0.378887 , 0.397453 , 0.415627 , 0.433391 , 0.450727 , 0.467618 , 0.484048 , 0.5 , 0.515459 , 0.530409 , 0.544835 , 0.558724 , 0.572061 , 0.584834 , 0.59703 , 0.608636 , 0.619642 , 0.630037 , 0.639809 , 0.64895 , 0.657451 , 0.665303 , 0.672498 , 0.67903 , 0.684892 , 0.690077 , 0.694582 , 0.698401 , 0.701531 , 0.703969 , 0.705711 , 0.706758 , 0.707107 , 0.706758 , 0.705711 , 0.703969 , 0.701531 , 0.698401 , 0.694582 , 0.690077 , 0.684892 , 0.67903 , 0.672498 , 0.665303 , 0.657451 , 0.64895 , 0.639809 , 0.630037 , 0.619642 , 0.608636 , 0.59703 , 0.584834 , 0.572061 , 0.558724 , 0.544835 , 0.530409 , 0.515459 , 0.5 , 0.484048 , 0.467618 , 0.450727 , 0.433391 , 0.415627 , 0.397453 , 0.378887 , 0.359947 , 0.340651 , 0.32102 , 0.301071 , 0.280826 , 0.260303 , 0.239524 , 0.218508 , 0.197276 , 0.17585 , 0.15425 , 0.132499 , 0.110616 , 0.0886239 , 0.0665446 , 0.0443996 , 0.0222107 , 8.65956e-17 , ;
0 , 0.0228975 , 0.0457723 , 0.068602 , 0.0913639 , 0.114036 , 0.136595 , 0.15902 , 0.181287 , 0.203376 , 0.225264 , 0.246929 , 0.268351 , 0.289508 , 0.31038 , 0.330945 , 0.351183 , 0.371075 , 0.390601 , 0.409741 , 0.428477 , 0.44679 , 0.464662 , 0.482076 , 0.499013 , 0.515459 , 0.531395 , 0.546807 , 0.56168 , 0.575998 , 0.589748 , 0.602916 , 0.615489 , 0.627454 , 0.6388 , 0.649516 , 0.659591 , 0.669014 , 0.677778 , 0.685873 , 0.69329 , 0.700024 , 0.706067 , 0.711413 , 0.716057 , 0.719994 , 0.723221 , 0.725733 , 0.72753 , 0.728609 , 0.728969 , 0.728609 , 0.72753 , 0.725733 , 0.723221 , 0.719994 , 0.716057 , 0.711413 , 0.706067 , 0.700024 , 0.69329 , 0.685873 , 0.677778 , 0.669014 , 0.659591 , 0.649516 , 0.6388 , 0.627454 , 0.615489 , 0.602916 , 0.589748 , 0.575998 , 0.56168 , 0.546807 , 0.531395 , 0.515459 , 0.499013 , 0.482076 , 0.464662 , 0.44679 , 0.428477 , 0.409741 , 0.390601 , 0.371075 , 0.351183 , 0.330945 , 0.31038 , 0.289508 , 0.268351 , 0.246929 , 0.225264 , 0.203376 , 0.181287 , 0.15902 , 0.136595 , 0.114036 , 0.0913641 , 0.068602 , 0.0457724 , 0.0228974 , 8.92729e-17 , ;
0 , 0.0235616 , 0.0470999 , 0.0705917 , 0.0940139 , 0.117343 , 0.140557 , 0.163632 , 0.186545 , 0.209274 , 0.231797 , 0.254091 , 0.276134 , 0.297905 , 0.319382 , 0.340543 , 0.361369 , 0.381838 , 0.40193 , 0.421625 , 0.440904 , 0.459748 , 0.478139 , 0.496057 , 0.513486 , 0.530409 , 0.546807 , 0.562667 , 0.577971 , 0.592704 , 0.606853 , 0.620402 , 0.63334 , 0.645652 , 0.657327 , 0.668354 , 0.678721 , 0.688418 , 0.697436 , 0.705765 , 0.713398 , 0.720327 , 0.726545 , 0.732046 , 0.736825 , 0.740876 , 0.744196 , 0.746782 , 0.748631 , 0.749741 , 0.750111 , 0.749741 , 0.748631 , 0.746782 , 0.744196 , 0.740876 , 0.736824 , 0.732046 , 0.726545 , 0.720327 , 0.713398 , 0.705765 , 0.697436 , 0.688418 , 0.678721 , 0.668354 , 0.657327 , 0.645652 , 0.63334 , 0.620402 , 0.606853 , 0.592704 , 0.57797 , 0.562667 , 0.546807 , 0.530409 , 0.513486 , 0.496057 , 0.478139 , 0.459748 , 0.440904 , 0.421625 , 0.40193 , 0.381838 , 0.361369 , 0.340543 , 0.319382 , 0.297905 , 0.276134 , 0.254091 , 0.231797 , 0.209274 , 0.186545 , 0.163632 , 0.140557 , 0.117343 , 0.0940138 , 0.0705916 , 0.0470998 , 0.0235615 , 9.18621e-17 , ;
0 , 0.0242025 , 0.0483809 , 0.0725117 , 0.0965709 , 0.120535 , 0.14438 , 0.168082 , 0.191619 , 0.214966 , 0.238102 , 0.261002 , 0.283645 , 0.306008 , 0.328069 , 0.349806 , 0.371198 , 0.392223 , 0.412862 , 0.433093 , 0.452896 , 0.472253 , 0.491144 , 0.50955 , 0.527453 , 0.544835 , 0.56168 , 0.577971 , 0.593691 , 0.608825 , 0.623358 , 0.637277 , 0.650566 , 0.663213 , 0.675206 , 0.686532 , 0.697181 , 0.707142 , 0.716405 , 0.724961 , 0.732802 , 0.739919 , 0.746306 , 0.751957 , 0.756865 , 0.761027 , 0.764438 , 0.767094 , 0.768993 , 0.770133 , 0.770513 , 0.770133 , 0.768993 , 0.767094 , 0.764438 , 0.761027 , 0.756865 , 0.751957 , 0.746306 , 0.739919 , 0.732802 , 0.724961 , 0.716405 , 0.707142 , 0.697181 , 0.686532 , 0.675206 , 0.663213 , 0.650566 , 0.637276 , 0.623358 , 0.608825 , 0.593691 , 0.57797 , 0.56168 , 0.544835 , 0.527453 , 0.509549 , 0.491144 , 0.472253 , 0.452896 , 0.433093 , 0.412862 , 0.392223 , 0.371198 , 0.349806 , 0.328069 , 0.306008 , 0.283645 , 0.261002 , 0.238102 , 0.214966 , 0.191619 , 0.168082 , 0.14438 , 0.120535 , 0.096571 , 0.0725117 , 0.048381 , 0.0242024 , 9.43607e-17 , ;
0 , 0.0248194 , 0.0496143 , 0.0743602 , 0.0990327 , 0.123608 , 0.14806 , 0.172367 , 0.196504 , 0.220446 , 0.244171 , 0.267655 , 0.290875 , 0.313808 , 0.336432 , 0.358723 , 0.38066 , 0.402222 , 0.423386 , 0.444133 , 0.464441 , 0.484292 , 0.503664 , 0.522539 , 0.540898 , 0.558724 , 0.575998 , 0.592704 , 0.608825 , 0.624345 , 0.639249 , 0.653522 , 0.66715 , 0.68012 , 0.692418 , 0.704033 , 0.714954 , 0.725168 , 0.734668 , 0.743442 , 0.751482 , 0.758781 , 0.765331 , 0.771125 , 0.776159 , 0.780427 , 0.783924 , 0.786648 , 0.788596 , 0.789765 , 0.790155 , 0.789765 , 0.788596 , 0.786648 , 0.783924 , 0.780427 , 0.776159 , 0.771125 , 0.765331 , 0.758781 , 0.751482 , 0.743442 , 0.734668 , 0.725168 , 0.714954 , 0.704033 , 0.692418 , 0.68012 , 0.66715 , 0.653522 , 0.639249 , 0.624345 , 0.608825 , 0.592704 , 0.575998 , 0.558724 , 0.540898 , 0.522539 , 0.503664 , 0.484291 , 0.464441 , 0.444133 , 0.423386 , 0.402222 , 0.38066 , 0.358723 , 0.336432 , 0.313808 , 0.290875 , 0.267655 , 0.244171 , 0.220446 , 0.196504 , 0.172367 , 0.14806 , 0.123607 , 0.0990326 , 0.0743601 , 0.0496142 , 0.0248193 , 9.67661e-17 , ;
0 , 0.0254119 , 0.0507985 , 0.0761353 , 0.101397 , 0.126558 , 0.151595 , 0.176482 , 0.201194 , 0.225709 , 0.25 , 0.274045 , 0.297819 , 0.321299 , 0.344463 , 0.367286 , 0.389747 , 0.411823 , 0.433493 , 0.454735 , 0.475528 , 0.495852 , 0.515687 , 0.535013 , 0.55381 , 0.572061 , 0.589748 , 0.606853 , 0.623358 , 0.639249 , 0.654509 , 0.669122 , 0.683076 , 0.696355 , 0.708947 , 0.720839 , 0.732021 , 0.742479 , 0.752205 , 0.761189 , 0.769421 , 0.776894 , 0.7836 , 0.789533 , 0.794687 , 0.799057 , 0.802638 , 0.805427 , 0.807421 , 0.808618 , 0.809017 , 0.808618 , 0.807421 , 0.805427 , 0.802638 , 0.799057 , 0.794687 , 0.789533 , 0.7836 , 0.776894 , 0.769421 , 0.761188 , 0.752205 , 0.742479 , 0.732021 , 0.720839 , 0.708947 , 0.696355 , 0.683076 , 0.669122 , 0.654509 , 0.639249 , 0.623358 , 0.606853 , 0.589748 , 0.572061 , 0.55381 , 0.535012 , 0.515687 , 0.495852 , 0.475528 , 0.454735 , 0.433493 , 0.411823 , 0.389747 , 0.367286 , 0.344463 , 0.321299 , 0.297819 , 0.274045 , 0.25 , 0.225709 , 0.201194 , 0.176482 , 0.151595 , 0.126558 , 0.101397 , 0.0761352 , 0.0507987 , 0.0254118 , 9.9076e-17 , ;
0 , 0.0259793 , 0.0519328 , 0.0778352 , 0.103661 , 0.129384 , 0.154979 , 0.180422 , 0.205687 , 0.230748 , 0.255582 , 0.280164 , 0.304469 , 0.328473 , 0.352154 , 0.375487 , 0.398449 , 0.421018 , 0.443172 , 0.464888 , 0.486146 , 0.506924 , 0.527201 , 0.546958 , 0.566176 , 0.584834 , 0.602916 , 0.620402 , 0.637277 , 0.653522 , 0.669122 , 0.684062 , 0.698327 , 0.711903 , 0.724776 , 0.736934 , 0.748365 , 0.759057 , 0.769 , 0.778184 , 0.7866 , 0.79424 , 0.801096 , 0.807162 , 0.812431 , 0.816898 , 0.820559 , 0.82341 , 0.825448 , 0.826672 , 0.827081 , 0.826672 , 0.825448 , 0.82341 , 0.820559 , 0.816898 , 0.812431 , 0.807162 , 0.801096 , 0.79424 , 0.7866 , 0.778184 , 0.769 , 0.759057 , 0.748365 , 0.736934 , 0.724776 , 0.711903 , 0.698327 , 0.684062 , 0.669122 , 0.653522 , 0.637276 , 0.620402 , 0.602916 , 0.584834 , 0.566176 , 0.546958 , 0.527201 , 0.506923 , 0.486146 , 0.464888 , 0.443172 , 0.421018 , 0.398449 , 0.375487 , 0.352154 , 0.328473 , 0.304469 , 0.280163 , 0.255582 , 0.230748 , 0.205687 , 0.180422 , 0.154979 , 0.129384 , 0.103661 , 0.0778351 , 0.0519328 , 0.0259792 , 1.01288e-16 , ;
0 , 0.026521 , 0.0530157 , 0.0794583 , 0.105822 , 0.132082 , 0.158211 , 0.184184 , 0.209976 , 0.23556 , 0.260912 , 0.286006 , 0.310818 , 0.335323 , 0.359497 , 0.383317 , 0.406758 , 0.429798 , 0.452414 , 0.474583 , 0.496284 , 0.517495 , 0.538195 , 0.558364 , 0.577982 , 0.59703 , 0.615489 , 0.63334 , 0.650566 , 0.66715 , 0.683076 , 0.698327 , 0.71289 , 0.726749 , 0.73989 , 0.752302 , 0.763971 , 0.774886 , 0.785036 , 0.794412 , 0.803004 , 0.810803 , 0.817802 , 0.823994 , 0.829373 , 0.833933 , 0.83767 , 0.840581 , 0.842662 , 0.843911 , 0.844328 , 0.843911 , 0.842662 , 0.840581 , 0.83767 , 0.833933 , 0.829373 , 0.823994 , 0.817802 , 0.810803 , 0.803004 , 0.794412 , 0.785036 , 0.774886 , 0.763971 , 0.752302 , 0.73989 , 0.726748 , 0.71289 , 0.698327 , 0.683076 , 0.66715 , 0.650566 , 0.63334 , 0.615489 , 0.59703 , 0.577982 , 0.558364 , 0.538195 , 0.517494 , 0.496284 , 0.474583 , 0.452414 , 0.429798 , 0.406758 , 0.383317 , 0.359497 , 0.335323 , 0.310818 , 0.286006 , 0.260912 , 0.23556 , 0.209976 , 0.184184 , 0.158211 , 0.132082 , 0.105822 , 0.0794582 , 0.0530159 , 0.0265209 , 1.034e-16 , ;
0 , 0.0270366 , 0.0540465 , 0.081003 , 0.10788 , 0.13465 , 0.161287 , 0.187765 , 0.214058 , 0.240139 , 0.265984 , 0.291566 , 0.31686 , 0.341842 , 0.366486 , 0.390769 , 0.414666 , 0.438153 , 0.461209 , 0.483809 , 0.505931 , 0.527555 , 0.548658 , 0.569219 , 0.589218 , 0.608636 , 0.627454 , 0.645652 , 0.663213 , 0.68012 , 0.696355 , 0.711903 , 0.726749 , 0.740877 , 0.754274 , 0.766927 , 0.778823 , 0.78995 , 0.800298 , 0.809856 , 0.818614 , 0.826565 , 0.8337 , 0.840012 , 0.845496 , 0.850145 , 0.853955 , 0.856922 , 0.859044 , 0.860317 , 0.860742 , 0.860317 , 0.859044 , 0.856922 , 0.853955 , 0.850145 , 0.845496 , 0.840012 , 0.8337 , 0.826565 , 0.818614 , 0.809856 , 0.800298 , 0.78995 , 0.778823 , 0.766927 , 0.754274 , 0.740877 , 0.726748 , 0.711903 , 0.696355 , 0.68012 , 0.663213 , 0.645652 , 0.627454 , 0.608636 , 0.589218 , 0.569219 , 0.548658 , 0.527555 , 0.505931 , 0.483809 , 0.461209 , 0.438153 , 0.414666 , 0.390769 , 0.366486 , 0.341842 , 0.31686 , 0.291566 , 0.265984 , 0.240139 , 0.214058 , 0.187765 , 0.161287 , 0.13465 , 0.10788 , 0.0810029 , 0.0540464 , 0.0270365 , 1.0541e-16 , ;
0 , 0.0275255 , 0.0550237 , 0.0824678 , 0.10983 , 0.137085 , 0.164203 , 0.19116 , 0.217929 , 0.244482 , 0.270794 , 0.296838 , 0.32259 , 0.348023 , 0.373113 , 0.397835 , 0.422164 , 0.446076 , 0.469549 , 0.492557 , 0.51508 , 0.537095 , 0.558579 , 0.579512 , 0.599873 , 0.619642 , 0.6388 , 0.657327 , 0.675206 , 0.692418 , 0.708947 , 0.724776 , 0.73989 , 0.754274 , 0.767913 , 0.780795 , 0.792906 , 0.804234 , 0.814769 , 0.8245 , 0.833417 , 0.841512 , 0.848776 , 0.855202 , 0.860785 , 0.865518 , 0.869397 , 0.872418 , 0.874578 , 0.875874 , 0.876307 , 0.875874 , 0.874578 , 0.872418 , 0.869397 , 0.865518 , 0.860785 , 0.855202 , 0.848776 , 0.841512 , 0.833417 , 0.8245 , 0.814769 , 0.804234 , 0.792906 , 0.780795 , 0.767914 , 0.754274 , 0.73989 , 0.724776 , 0.708947 , 0.692418 , 0.675206 , 0.657327 , 0.6388 , 0.619642 , 0.599873 , 0.579512 , 0.558579 , 0.537094 , 0.51508 , 0.492557 , 0.469549 , 0.446076 , 0.422164 , 0.397835 , 0.373113 , 0.348023 , 0.32259 , 0.296838 , 0.270794 , 0.244482 , 0.217929 , 0.19116 , 0.164204 , 0.137085 , 0.10983 , 0.0824677 , 0.0550238 , 0.0275254 , 1.07317e-16 , ;
0 , 0.0279872 , 0.0559468 , 0.0838512 , 0.111673 , 0.139384 , 0.166958 , 0.194367 , 0.221584 , 0.248583 , 0.275336 , 0.301818 , 0.328001 , 0.353861 , 0.379372 , 0.404508 , 0.429246 , 0.453559 , 0.477425 , 0.50082 , 0.52372 , 0.546104 , 0.567949 , 0.589233 , 0.609936 , 0.630037 , 0.649516 , 0.668354 , 0.686532 , 0.704033 , 0.720839 , 0.736934 , 0.752302 , 0.766927 , 0.780795 , 0.793893 , 0.806207 , 0.817725 , 0.828437 , 0.838331 , 0.847398 , 0.855628 , 0.863014 , 0.869548 , 0.875224 , 0.880037 , 0.883981 , 0.887052 , 0.889248 , 0.890567 , 0.891006 , 0.890567 , 0.889248 , 0.887052 , 0.883981 , 0.880037 , 0.875224 , 0.869548 , 0.863014 , 0.855628 , 0.847398 , 0.838331 , 0.828437 , 0.817725 , 0.806207 , 0.793893 , 0.780795 , 0.766927 , 0.752302 , 0.736934 , 0.720839 , 0.704033 , 0.686532 , 0.668354 , 0.649516 , 0.630037 , 0.609936 , 0.589233 , 0.567949 , 0.546104 , 0.52372 , 0.50082 , 0.477425 , 0.453559 , 0.429246 , 0.404508 , 0.379372 , 0.353861 , 0.328001 , 0.301818 , 0.275336 , 0.248583 , 0.221584 , 0.194367 , 0.166958 , 0.139384 , 0.111673 , 0.0838511 , 0.0559467 , 0.0279871 , 1.09117e-16 , ;
