x = 0:1/40:1;
y = 0:1/40:1;
[X, Y] = meshgrid(x, y);
u = [0 , 0 , 0 , 0 , 0 , 0 , 0 , 0 , 0 , 0 , 0 , 0 , 0 , 0 , 0 , 0 , 0 , 0 , 0 , 0 , 0 , 0 , 0 , 0 , 0 , 0 , 0 , 0 , 0 , 0 , 0 , 0 , 0 , 0 , 0 , 0 , 0 , 0 , 0 , 0 , 0 , ;
0 , 1.01166e-05 , 0.0169185 , 0.0078808 , 0.0268347 , 0.0133938 , 0.0348697 , 0.0178349 , 0.0414127 , 0.0214637 , 0.046561 , 0.0243459 , 0.0503298 , 0.0264938 , 0.0527144 , 0.027905 , 0.053717 , 0.0285793 , 0.0533598 , 0.0285258 , 0.0516923 , 0.0277679 , 0.0487952 , 0.0263452 , 0.0447831 , 0.0243152 , 0.0398055 , 0.0217538 , 0.0340477 , 0.0187562 , 0.0277324 , 0.0154368 , 0.0211229 , 0.0119316 , 0.0145309 , 0.00840111 , 0.00833747 , 0.00503956 , 0.00306042 , 0.00210904 , 9.60847e-18 , ;
0 , 0.0169185 , 0.0288878 , 0.0451685 , 0.0529268 , 0.0671544 , 0.0721667 , 0.0850953 , 0.087911 , 0.0996396 , 0.100496 , 0.110946 , 0.109994 , 0.11903 , 0.116399 , 0.123879 , 0.119707 , 0.125508 , 0.119949 , 0.123981 , 0.117214 , 0.119429 , 0.111659 , 0.112057 , 0.103512 , 0.102153 , 0.0930806 , 0.0900813 , 0.0807521 , 0.0762953 , 0.0669948 , 0.0613343 , 0.0523648 , 0.0458348 , 0.037518 , 0.0305523 , 0.0232413 , 0.0164202 , 0.0105898 , 0.00471661 , 1.91577e-17 , ;
0 , 0.0078808 , 0.0451685 , 0.0431825 , 0.0791569 , 0.0715315 , 0.106881 , 0.0946846 , 0.129669 , 0.113656 , 0.1479 , 0.128722 , 0.161636 , 0.139927 , 0.170853 , 0.147251 , 0.175537 , 0.150692 , 0.175733 , 0.150299 , 0.171571 , 0.146196 , 0.163281 , 0.138594 , 0.151201 , 0.1278 , 0.135781 , 0.114216 , 0.117591 , 0.0983447 , 0.0973156 , 0.0807939 , 0.0757678 , 0.0622811 , 0.0539007 , 0.0436535 , 0.0328488 , 0.0259417 , 0.0140064 , 0.01036 , 2.85888e-17 , ;
0 , 0.0268347 , 0.0529268 , 0.0791569 , 0.0996463 , 0.122696 , 0.138559 , 0.158964 , 0.170897 , 0.188785 , 0.197079 , 0.212378 , 0.21717 , 0.22973 , 0.231119 , 0.240784 , 0.238886 , 0.245529 , 0.240502 , 0.244054 , 0.236114 , 0.236572 , 0.226001 , 0.223444 , 0.210587 , 0.205182 , 0.190454 , 0.182457 , 0.166336 , 0.156104 , 0.139132 , 0.127121 , 0.109904 , 0.0966809 , 0.0798967 , 0.0661559 , 0.0505719 , 0.0371637 , 0.0237326 , 0.0116939 , 3.78437e-17 , ;
0 , 0.0133938 , 0.0671544 , 0.0715315 , 0.122696 , 0.121315 , 0.169671 , 0.163209 , 0.208941 , 0.198047 , 0.240836 , 0.226088 , 0.265359 , 0.247321 , 0.282412 , 0.261665 , 0.291926 , 0.269076 , 0.29393 , 0.269606 , 0.288591 , 0.26344 , 0.276246 , 0.250921 , 0.257406 , 0.232555 , 0.232772 , 0.209023 , 0.203238 , 0.181183 , 0.169885 , 0.150071 , 0.133999 , 0.116912 , 0.097072 , 0.0831365 , 0.0608395 , 0.0504254 , 0.0273115 , 0.0206046 , 4.68652e-17 , ;
0 , 0.0348697 , 0.0721667 , 0.106881 , 0.138559 , 0.169671 , 0.195784 , 0.223392 , 0.244285 , 0.268324 , 0.284156 , 0.304461 , 0.315285 , 0.331646 , 0.337492 , 0.34971 , 0.350645 , 0.358572 , 0.354734 , 0.3583 , 0.349917 , 0.349146 , 0.336549 , 0.331576 , 0.315201 , 0.306277 , 0.286669 , 0.274167 , 0.251977 , 0.236394 , 0.212379 , 0.194343 , 0.169363 , 0.149633 , 0.124656 , 0.104134 , 0.0802506 , 0.0599937 , 0.0384921 , 0.0197155 , 5.55978e-17 , ;
0 , 0.0178349 , 0.0850953 , 0.0946846 , 0.158964 , 0.163209 , 0.223392 , 0.22251 , 0.278333 , 0.272711 , 0.323672 , 0.31373 , 0.359168 , 0.345356 , 0.384562 , 0.367366 , 0.399667 , 0.37962 , 0.404449 , 0.382128 , 0.399071 , 0.375094 , 0.383924 , 0.358939 , 0.359647 , 0.33432 , 0.327131 , 0.302139 , 0.287529 , 0.263541 , 0.242249 , 0.219921 , 0.192963 , 0.172921 , 0.141603 , 0.124442 , 0.0903779 , 0.0766699 , 0.0417623 , 0.0318658 , 6.39876e-17 , ;
0 , 0.0414127 , 0.087911 , 0.129669 , 0.170897 , 0.208941 , 0.244285 , 0.278333 , 0.307666 , 0.337382 , 0.360582 , 0.385635 , 0.40258 , 0.422655 , 0.433254 , 0.44808 , 0.452317 , 0.461703 , 0.459665 , 0.463524 , 0.455422 , 0.453789 , 0.439972 , 0.433018 , 0.413982 , 0.402019 , 0.378403 , 0.361894 , 0.334483 , 0.31404 , 0.28376 , 0.260146 , 0.228062 , 0.20219 , 0.169504 , 0.14244 , 0.110492 , 0.0834573 , 0.0537929 , 0.0281537 , 7.19829e-17 , ;
0 , 0.0214637 , 0.0996396 , 0.113656 , 0.188785 , 0.198047 , 0.268324 , 0.272711 , 0.337382 , 0.337003 , 0.39526 , 0.390327 , 0.441334 , 0.43214 , 0.475084 , 0.461991 , 0.496149 , 0.479586 , 0.50438 , 0.484846 , 0.499889 , 0.477944 , 0.483077 , 0.459334 , 0.454653 , 0.42977 , 0.415644 , 0.390313 , 0.367393 , 0.342331 , 0.311565 , 0.287499 , 0.250132 , 0.22779 , 0.185372 , 0.165479 , 0.119864 , 0.103146 , 0.0564497 , 0.043388 , 7.95344e-17 , ;
0 , 0.046561 , 0.100496 , 0.1479 , 0.197079 , 0.240836 , 0.284156 , 0.323672 , 0.360582 , 0.39526 , 0.425315 , 0.454632 , 0.47748 , 0.500983 , 0.51637 , 0.533695 , 0.541486 , 0.552382 , 0.552583 , 0.556929 , 0.549708 , 0.547531 , 0.533227 , 0.524713 , 0.503847 , 0.489351 , 0.462621 , 0.442669 , 0.410954 , 0.386243 , 0.350594 , 0.321989 , 0.283627 , 0.25216 , 0.212463 , 0.179327 , 0.139829 , 0.106371 , 0.0688214 , 0.0365312 , 8.65956e-17 , ;
0 , 0.0243459 , 0.110946 , 0.128722 , 0.212378 , 0.226088 , 0.304461 , 0.31373 , 0.385635 , 0.390327 , 0.454632 , 0.454746 , 0.510393 , 0.506044 , 0.552084 , 0.543484 , 0.579114 , 0.566568 , 0.591179 , 0.575081 , 0.588296 , 0.569123 , 0.57083 , 0.549135 , 0.539511 , 0.515914 , 0.49544 , 0.470622 , 0.440092 , 0.414781 , 0.375306 , 0.35027 , 0.303278 , 0.27931 , 0.226543 , 0.204459 , 0.147959 , 0.128596 , 0.0706461 , 0.0545815 , 9.31229e-17 , ;
0 , 0.0503298 , 0.109994 , 0.161636 , 0.21717 , 0.265359 , 0.315285 , 0.359168 , 0.40258 , 0.441334 , 0.47748 , 0.510393 , 0.538678 , 0.565155 , 0.585135 , 0.604706 , 0.616106 , 0.628445 , 0.631167 , 0.636107 , 0.630249 , 0.627793 , 0.613659 , 0.603992 , 0.582095 , 0.565592 , 0.536656 , 0.51388 , 0.478837 , 0.450541 , 0.410525 , 0.377646 , 0.333982 , 0.297634 , 0.251829 , 0.213295 , 0.167023 , 0.127742 , 0.0829048 , 0.0444593 , 9.9076e-17 , ;
0 , 0.0264938 , 0.11903 , 0.139927 , 0.22973 , 0.247321 , 0.331646 , 0.345356 , 0.422655 , 0.43214 , 0.500983 , 0.506044 , 0.565155 , 0.565725 , 0.614002 , 0.610132 , 0.64668 , 0.638536 , 0.6627 , 0.650551 , 0.661949 , 0.646168 , 0.644715 , 0.62577 , 0.611701 , 0.590151 , 0.564029 , 0.540512 , 0.503238 , 0.478466 , 0.431273 , 0.40602 , 0.35047 , 0.325563 , 0.263536 , 0.239845 , 0.173522 , 0.15196 , 0.0837434 , 0.0649572 , 1.04418e-16 , ;
0 , 0.0527144 , 0.116399 , 0.170853 , 0.231119 , 0.282412 , 0.337492 , 0.384562 , 0.433254 , 0.475084 , 0.51637 , 0.552084 , 0.585135 , 0.614002 , 0.638185 , 0.65963 , 0.674517 , 0.688133 , 0.693508 , 0.699073 , 0.694946 , 0.692427 , 0.67904 , 0.668607 , 0.646438 , 0.628465 , 0.598231 , 0.573295 , 0.535944 , 0.504825 , 0.461529 , 0.425204 , 0.377348 , 0.336978 , 0.286146 , 0.243067 , 0.191023 , 0.14673 , 0.0954772 , 0.0516118 , 1.09117e-16 , ;
0 , 0.027905 , 0.123879 , 0.147251 , 0.240784 , 0.261665 , 0.34971 , 0.367366 , 0.44808 , 0.461991 , 0.533695 , 0.543484 , 0.604706 , 0.610132 , 0.65963 , 0.660583 , 0.697367 , 0.693863 , 0.717226 , 0.7094 , 0.718944 , 0.707048 , 0.7027 , 0.687098 , 0.669128 , 0.650292 , 0.61932 , 0.597823 , 0.554817 , 0.531324 , 0.4776 , 0.452862 , 0.390068 , 0.364912 , 0.295013 , 0.270332 , 0.195591 , 0.172342 , 0.0952295 , 0.0741045 , 1.13143e-16 , ;
0 , 0.053717 , 0.119707 , 0.175537 , 0.238886 , 0.291926 , 0.350645 , 0.399667 , 0.452317 , 0.496149 , 0.541486 , 0.579114 , 0.616106 , 0.64668 , 0.674517 , 0.697367 , 0.715467 , 0.730111 , 0.738136 , 0.74429 , 0.742147 , 0.739737 , 0.727591 , 0.716756 , 0.695026 , 0.676122 , 0.645487 , 0.619084 , 0.580471 , 0.547349 , 0.501928 , 0.463072 , 0.412241 , 0.368825 , 0.314196 , 0.267572 , 0.210948 , 0.162629 , 0.106066 , 0.0577156 , 1.16471e-16 , ;
0 , 0.0285793 , 0.125508 , 0.150692 , 0.245529 , 0.269076 , 0.358572 , 0.37962 , 0.461703 , 0.479586 , 0.552382 , 0.566568 , 0.628445 , 0.638536 , 0.688133 , 0.693863 , 0.730111 , 0.731344 , 0.753489 , 0.75022 , 0.75784 , 0.750191 , 0.743215 , 0.731429 , 0.710145 , 0.69459 , 0.659644 , 0.640804 , 0.593202 , 0.571671 , 0.512766 , 0.489243 , 0.420723 , 0.396004 , 0.319866 , 0.294836 , 0.213367 , 0.188997 , 0.104679 , 0.0816815 , 1.19081e-16 , ;
0 , 0.0533598 , 0.119949 , 0.175733 , 0.240502 , 0.29393 , 0.354734 , 0.404449 , 0.459665 , 0.50438 , 0.552583 , 0.591179 , 0.631167 , 0.6627 , 0.693508 , 0.717226 , 0.738136 , 0.753489 , 0.764037 , 0.770686 , 0.770676 , 0.768501 , 0.758004 , 0.747104 , 0.726465 , 0.707164 , 0.676994 , 0.649833 , 0.611008 , 0.576745 , 0.530391 , 0.489986 , 0.437472 , 0.392078 , 0.334995 , 0.285943 , 0.226085 , 0.174866 , 0.114283 , 0.0625464 , 1.20957e-16 , ;
0 , 0.0285258 , 0.123981 , 0.150299 , 0.244054 , 0.269606 , 0.3583 , 0.382128 , 0.463524 , 0.484846 , 0.556929 , 0.575081 , 0.636107 , 0.650551 , 0.699073 , 0.7094 , 0.74429 , 0.75022 , 0.770686 , 0.772073 , 0.777677 , 0.774504 , 0.765168 , 0.757551 , 0.733565 , 0.721752 , 0.683769 , 0.668134 , 0.617164 , 0.598208 , 0.535602 , 0.513949 , 0.441382 , 0.417769 , 0.337219 , 0.312492 , 0.226212 , 0.201323 , 0.111747 , 0.0874112 , 1.22087e-16 , ;
0 , 0.0516923 , 0.117214 , 0.171571 , 0.236114 , 0.288591 , 0.349917 , 0.399071 , 0.455422 , 0.499889 , 0.549708 , 0.588296 , 0.630249 , 0.661949 , 0.694946 , 0.718944 , 0.742147 , 0.75784 , 0.770676 , 0.777677 , 0.779844 , 0.777985 , 0.76946 , 0.758798 , 0.739831 , 0.720647 , 0.691764 , 0.664554 , 0.626548 , 0.592021 , 0.545942 , 0.505008 , 0.45215 , 0.405906 , 0.347794 , 0.297514 , 0.235878 , 0.182993 , 0.119827 , 0.0659265 , 1.22465e-16 , ;
0 , 0.0277679 , 0.119429 , 0.146196 , 0.236572 , 0.26344 , 0.349146 , 0.375094 , 0.453789 , 0.477944 , 0.547531 , 0.569123 , 0.627793 , 0.646168 , 0.692427 , 0.707048 , 0.739737 , 0.750191 , 0.768501 , 0.774504 , 0.777985 , 0.779385 , 0.767956 , 0.764735 , 0.738676 , 0.73095 , 0.690902 , 0.678925 , 0.625872 , 0.610031 , 0.545285 , 0.526104 , 0.451284 , 0.429415 , 0.346424 , 0.322647 , 0.233643 , 0.208862 , 0.116169 , 0.0910793 , 1.22087e-16 , ;
0 , 0.0487952 , 0.111659 , 0.163281 , 0.226001 , 0.276246 , 0.336549 , 0.383924 , 0.439972 , 0.483077 , 0.533227 , 0.57083 , 0.613659 , 0.644715 , 0.67904 , 0.7027 , 0.727591 , 0.743215 , 0.758004 , 0.765168 , 0.76946 , 0.767956 , 0.761628 , 0.75147 , 0.734675 , 0.716092 , 0.689252 , 0.662682 , 0.626485 , 0.59257 , 0.547955 , 0.507526 , 0.455675 , 0.409745 , 0.352068 , 0.301814 , 0.239931 , 0.186682 , 0.122476 , 0.0677234 , 1.20957e-16 , ;
0 , 0.0263452 , 0.112057 , 0.138594 , 0.223444 , 0.250921 , 0.331576 , 0.358939 , 0.433018 , 0.459334 , 0.524713 , 0.549135 , 0.603992 , 0.62577 , 0.668607 , 0.687098 , 0.716756 , 0.731429 , 0.747104 , 0.757551 , 0.758798 , 0.764735 , 0.75147 , 0.752743 , 0.725237 , 0.721828 , 0.680693 , 0.672723 , 0.618894 , 0.606622 , 0.541341 , 0.52517 , 0.449955 , 0.430428 , 0.347055 , 0.324857 , 0.23533 , 0.211291 , 0.117758 , 0.0925321 , 1.19081e-16 , ;
0 , 0.0447831 , 0.103512 , 0.151201 , 0.210587 , 0.257406 , 0.315201 , 0.359647 , 0.413982 , 0.454653 , 0.503847 , 0.539511 , 0.582095 , 0.611701 , 0.646438 , 0.669128 , 0.695026 , 0.710145 , 0.726465 , 0.733565 , 0.739831 , 0.738676 , 0.734675 , 0.725237 , 0.711021 , 0.693475 , 0.669353 , 0.644073 , 0.610608 , 0.57815 , 0.536145 , 0.497242 , 0.447731 , 0.403278 , 0.347512 , 0.298558 , 0.237995 , 0.185727 , 0.122083 , 0.0678478 , 1.16471e-16 , ;
0 , 0.0243152 , 0.102153 , 0.1278 , 0.205182 , 0.232555 , 0.306277 , 0.33432 , 0.402019 , 0.42977 , 0.489351 , 0.515914 , 0.565592 , 0.590151 , 0.628465 , 0.650292 , 0.676122 , 0.69459 , 0.707164 , 0.721752 , 0.720647 , 0.73095 , 0.716092 , 0.721828 , 0.693475 , 0.694492 , 0.653221 , 0.6495 , 0.596185 , 0.587845 , 0.523626 , 0.510931 , 0.437192 , 0.420555 , 0.338891 , 0.318879 , 0.231081 , 0.208417 , 0.116397 , 0.0916726 , 1.13143e-16 , ;
0 , 0.0398055 , 0.0930806 , 0.135781 , 0.190454 , 0.232772 , 0.286669 , 0.327131 , 0.378403 , 0.415644 , 0.462621 , 0.49544 , 0.536656 , 0.564029 , 0.598231 , 0.61932 , 0.645487 , 0.659644 , 0.676994 , 0.683769 , 0.691764 , 0.690902 , 0.689252 , 0.680693 , 0.669353 , 0.653221 , 0.632388 , 0.608986 , 0.579084 , 0.548877 , 0.510552 , 0.474155 , 0.428262 , 0.386428 , 0.334021 , 0.287633 , 0.22996 , 0.180023 , 0.118576 , 0.0662502 , 1.09117e-16 , ;
0 , 0.0217538 , 0.0900813 , 0.114216 , 0.182457 , 0.209023 , 0.274167 , 0.302139 , 0.361894 , 0.390313 , 0.442669 , 0.470622 , 0.51388 , 0.540512 , 0.573295 , 0.597823 , 0.619084 , 0.640804 , 0.649833 , 0.668134 , 0.664554 , 0.678925 , 0.662682 , 0.672723 , 0.644073 , 0.6495 , 0.608986 , 0.609641 , 0.558064 , 0.553921 , 0.492305 , 0.483477 , 0.413039 , 0.399785 , 0.321903 , 0.304644 , 0.220836 , 0.200163 , 0.112034 , 0.0884555 , 1.04418e-16 , ;
0 , 0.0340477 , 0.0807521 , 0.117591 , 0.166336 , 0.203238 , 0.251977 , 0.287529 , 0.334483 , 0.367393 , 0.410954 , 0.440092 , 0.478837 , 0.503238 , 0.535944 , 0.554817 , 0.580471 , 0.593202 , 0.611008 , 0.617164 , 0.626548 , 0.625872 , 0.626485 , 0.618894 , 0.610608 , 0.596185 , 0.579084 , 0.558064 , 0.532436 , 0.505189 , 0.471511 , 0.438526 , 0.397449 , 0.359318 , 0.311663 , 0.269073 , 0.215828 , 0.169561 , 0.111937 , 0.0629154 , 9.9076e-17 , ;
0 , 0.0187562 , 0.0762953 , 0.0983447 , 0.156104 , 0.181183 , 0.236394 , 0.263541 , 0.31404 , 0.342331 , 0.386243 , 0.414781 , 0.450541 , 0.478466 , 0.504825 , 0.531324 , 0.547349 , 0.571671 , 0.576745 , 0.598208 , 0.592021 , 0.610031 , 0.59257 , 0.606622 , 0.57815 , 0.587845 , 0.548877 , 0.553921 , 0.505189 , 0.505408 , 0.447819 , 0.443164 , 0.377753 , 0.368315 , 0.29621 , 0.282235 , 0.204632 , 0.186547 , 0.104671 , 0.0828769 , 9.31229e-17 , ;
0 , 0.0277324 , 0.0669948 , 0.0973156 , 0.139132 , 0.169885 , 0.212379 , 0.242249 , 0.28376 , 0.311565 , 0.350594 , 0.375306 , 0.410525 , 0.431273 , 0.461529 , 0.4776 , 0.501928 , 0.512766 , 0.530391 , 0.535602 , 0.545942 , 0.545285 , 0.547955 , 0.541341 , 0.536145 , 0.523626 , 0.510552 , 0.492305 , 0.471511 , 0.447819 , 0.419611 , 0.390839 , 0.355657 , 0.322229 , 0.280633 , 0.243014 , 0.195685 , 0.15439 , 0.102193 , 0.0578518 , 8.65956e-17 , ;
0 , 0.0154368 , 0.0613343 , 0.0807939 , 0.127121 , 0.150071 , 0.194343 , 0.219921 , 0.260146 , 0.287499 , 0.321989 , 0.35027 , 0.377646 , 0.40602 , 0.425204 , 0.452862 , 0.463072 , 0.489243 , 0.489986 , 0.513949 , 0.505008 , 0.526104 , 0.507526 , 0.52517 , 0.497242 , 0.510931 , 0.474155 , 0.483477 , 0.438526 , 0.443164 , 0.390839 , 0.390582 , 0.331749 , 0.326501 , 0.262031 , 0.251835 , 0.182561 , 0.167642 , 0.0943353 , 0.0749568 , 7.95344e-17 , ;
0 , 0.0211229 , 0.0523648 , 0.0757678 , 0.109904 , 0.133999 , 0.169363 , 0.192963 , 0.228062 , 0.250132 , 0.283627 , 0.303278 , 0.333982 , 0.35047 , 0.377348 , 0.390068 , 0.412241 , 0.420723 , 0.437472 , 0.441382 , 0.45215 , 0.451284 , 0.455675 , 0.449955 , 0.447731 , 0.437192 , 0.428262 , 0.413039 , 0.397449 , 0.377753 , 0.355657 , 0.331749 , 0.303384 , 0.275531 , 0.241184 , 0.209625 , 0.169631 , 0.13457 , 0.0893731 , 0.0510738 , 7.19829e-17 , ;
0 , 0.0119316 , 0.0458348 , 0.0622811 , 0.0966809 , 0.116912 , 0.149633 , 0.172921 , 0.20219 , 0.22779 , 0.25216 , 0.27931 , 0.297634 , 0.325563 , 0.336978 , 0.364912 , 0.368825 , 0.396004 , 0.392078 , 0.417769 , 0.405906 , 0.429415 , 0.409745 , 0.430428 , 0.403278 , 0.420555 , 0.386428 , 0.399785 , 0.359318 , 0.368315 , 0.322229 , 0.326501 , 0.275531 , 0.27479 , 0.21959 , 0.213647 , 0.154692 , 0.143513 , 0.0810411 , 0.0647055 , 6.39876e-17 , ;
0 , 0.0145309 , 0.037518 , 0.0539007 , 0.0798967 , 0.097072 , 0.124656 , 0.141603 , 0.169504 , 0.185372 , 0.212463 , 0.226543 , 0.251829 , 0.263536 , 0.286146 , 0.295013 , 0.314196 , 0.319866 , 0.334995 , 0.337219 , 0.347794 , 0.346424 , 0.352068 , 0.347055 , 0.347512 , 0.338891 , 0.334021 , 0.321903 , 0.311663 , 0.29621 , 0.280633 , 0.262031 , 0.241184 , 0.21959 , 0.193522 , 0.168989 , 0.137674 , 0.110075 , 0.0734397 , 0.0425627 , 5.55978e-17 , ;
0 , 0.00840111 , 0.0305523 , 0.0436535 , 0.0661559 , 0.0831365 , 0.104134 , 0.124442 , 0.14244 , 0.165479 , 0.179327 , 0.204459 , 0.213295 , 0.239845 , 0.243067 , 0.270332 , 0.267572 , 0.294836 , 0.285943 , 0.312492 , 0.297514 , 0.322647 , 0.301814 , 0.324857 , 0.298558 , 0.318879 , 0.287633 , 0.304644 , 0.269073 , 0.282235 , 0.243014 , 0.251835 , 0.209625 , 0.213647 , 0.168989 , 0.167778 , 0.120906 , 0.114084 , 0.064689 , 0.0520514 , 4.68652e-17 , ;
0 , 0.00833747 , 0.0232413 , 0.0328488 , 0.0505719 , 0.0608395 , 0.0802506 , 0.0903779 , 0.110492 , 0.119864 , 0.139829 , 0.147959 , 0.167023 , 0.173522 , 0.191023 , 0.195591 , 0.210948 , 0.213367 , 0.226085 , 0.226212 , 0.235878 , 0.233643 , 0.239931 , 0.23533 , 0.237995 , 0.231081 , 0.22996 , 0.220836 , 0.215828 , 0.204632 , 0.195685 , 0.182561 , 0.169631 , 0.154692 , 0.137674 , 0.120906 , 0.0995048 , 0.0805633 , 0.054123 , 0.0321705 , 3.78437e-17 , ;
0 , 0.00503956 , 0.0164202 , 0.0259417 , 0.0371637 , 0.0504254 , 0.0599937 , 0.0766699 , 0.0834573 , 0.103146 , 0.106371 , 0.128596 , 0.127742 , 0.15196 , 0.14673 , 0.172342 , 0.162629 , 0.188997 , 0.174866 , 0.201323 , 0.182993 , 0.208862 , 0.186682 , 0.211291 , 0.185727 , 0.208417 , 0.180023 , 0.200163 , 0.169561 , 0.186547 , 0.15439 , 0.167642 , 0.13457 , 0.143513 , 0.110075 , 0.114084 , 0.0805633 , 0.0788771 , 0.0447968 , 0.0366332 , 2.85888e-17 , ;
0 , 0.00306042 , 0.0105898 , 0.0140064 , 0.0237326 , 0.0273115 , 0.0384921 , 0.0417623 , 0.0537929 , 0.0564497 , 0.0688214 , 0.0706461 , 0.0829048 , 0.0837434 , 0.0954772 , 0.0952295 , 0.106066 , 0.104679 , 0.114283 , 0.111747 , 0.119827 , 0.116169 , 0.122476 , 0.117758 , 0.122083 , 0.116397 , 0.118576 , 0.112034 , 0.111937 , 0.104671 , 0.102193 , 0.0943353 , 0.0893731 , 0.0810411 , 0.0734397 , 0.064689 , 0.054123 , 0.0447968 , 0.0303243 , 0.0193475 , 1.91577e-17 , ;
0 , 0.00210904 , 0.00471661 , 0.01036 , 0.0116939 , 0.0206046 , 0.0197155 , 0.0318658 , 0.0281537 , 0.043388 , 0.0365312 , 0.0545815 , 0.0444593 , 0.0649572 , 0.0516118 , 0.0741045 , 0.0577156 , 0.0816815 , 0.0625464 , 0.0874112 , 0.0659265 , 0.0910793 , 0.0677234 , 0.0925321 , 0.0678478 , 0.0916726 , 0.0662502 , 0.0884555 , 0.0629154 , 0.0828769 , 0.0578518 , 0.0749568 , 0.0510738 , 0.0647055 , 0.0425627 , 0.0520514 , 0.0321705 , 0.0366332 , 0.0193475 , 0.0172801 , 9.60847e-18 , ;
0 , 9.60847e-18 , 1.91577e-17 , 2.85888e-17 , 3.78437e-17 , 4.68652e-17 , 5.55978e-17 , 6.39876e-17 , 7.19829e-17 , 7.95344e-17 , 8.65956e-17 , 9.31229e-17 , 9.9076e-17 , 1.04418e-16 , 1.09117e-16 , 1.13143e-16 , 1.16471e-16 , 1.19081e-16 , 1.20957e-16 , 1.22087e-16 , 1.22465e-16 , 1.22087e-16 , 1.20957e-16 , 1.19081e-16 , 1.16471e-16 , 1.13143e-16 , 1.09117e-16 , 1.04418e-16 , 9.9076e-17 , 9.31229e-17 , 8.65956e-17 , 7.95344e-17 , 7.19829e-17 , 6.39876e-17 , 5.55978e-17 , 4.68652e-17 , 3.78437e-17 , 2.85888e-17 , 1.91577e-17 , 9.60847e-18 , 1.49976e-32 , ;
];
surf(X, Y, u);
