x = 0:1/50:1;
y = 0:1/50:1;
[X, Y] = meshgrid(x, y);
u = [0 , 0 , 0 , 0 , 0 , 0 , 0 , 0 , 0 , 0 , 0 , 0 , 0 , 0 , 0 , 0 , 0 , 0 , 0 , 0 , 0 , 0 , 0 , 0 , 0 , 0 , 0 , 0 , 0 , 0 , 0 , 0 , 0 , 0 , 0 , 0 , 0 , 0 , 0 , 0 , 0 , 0 , 0 , 0 , 0 , 0 , 0 , 0 , 0 , 0 , 0 , ;
0 , 0.00394545 , 0.00787406 , 0.0117708 , 0.0156207 , 0.0194085 , 0.0231194 , 0.0267389 , 0.0302526 , 0.0336469 , 0.0369082 , 0.0400237 , 0.0429812 , 0.0457691 , 0.0483762 , 0.0507923 , 0.053008 , 0.0550144 , 0.0568037 , 0.0583687 , 0.0597034 , 0.0608025 , 0.0616615 , 0.0622773 , 0.0626472 , 0.0627699 , 0.0626448 , 0.0622726 , 0.0616545 , 0.0607932 , 0.059692 , 0.0583552 , 0.0567881 , 0.0549969 , 0.0529887 , 0.0507714 , 0.0483538 , 0.0457455 , 0.0429566 , 0.0399983 , 0.0368822 , 0.0336207 , 0.0302266 , 0.0267134 , 0.0230949 , 0.0193855 , 0.0155998 , 0.011753 , 0.00786024 , 0.00393725 , 7.68962e-18 , ;
0 , 0.00787406 , 0.0157153 , 0.0234932 , 0.0311776 , 0.0387382 , 0.0461455 , 0.0533701 , 0.0603838 , 0.067159 , 0.0736688 , 0.0798877 , 0.0857911 , 0.0913559 , 0.0965599 , 0.101383 , 0.105805 , 0.109811 , 0.113382 , 0.116506 , 0.11917 , 0.121364 , 0.123079 , 0.124308 , 0.125047 , 0.125292 , 0.125043 , 0.1243 , 0.123066 , 0.121347 , 0.119149 , 0.116481 , 0.113353 , 0.109778 , 0.10577 , 0.101344 , 0.0965184 , 0.091312 , 0.0857454 , 0.0798406 , 0.0736208 , 0.0671107 , 0.0603359 , 0.0533234 , 0.0461007 , 0.0386965 , 0.0311401 , 0.0234615 , 0.0156912 , 0.00786024 , 1.53489e-17 , ;
0 , 0.0117708 , 0.0234932 , 0.0351214 , 0.0466098 , 0.0579134 , 0.0689876 , 0.079789 , 0.090275 , 0.100404 , 0.110137 , 0.119435 , 0.128261 , 0.136581 , 0.144361 , 0.151572 , 0.158184 , 0.164172 , 0.169512 , 0.174183 , 0.178167 , 0.181447 , 0.184011 , 0.185849 , 0.186953 , 0.18732 , 0.186947 , 0.185836 , 0.183993 , 0.181423 , 0.178137 , 0.174148 , 0.169472 , 0.164127 , 0.158134 , 0.151518 , 0.144303 , 0.13652 , 0.128197 , 0.119369 , 0.110071 , 0.100338 , 0.0902089 , 0.0797247 , 0.0689263 , 0.0578566 , 0.0465592 , 0.035079 , 0.0234615 , 0.011753 , 2.29476e-17 , ;
0 , 0.0156207 , 0.0311776 , 0.0466098 , 0.0618568 , 0.0768585 , 0.091556 , 0.105891 , 0.119808 , 0.133252 , 0.146169 , 0.158509 , 0.170223 , 0.181265 , 0.191592 , 0.201162 , 0.209938 , 0.217885 , 0.224972 , 0.231172 , 0.236459 , 0.240813 , 0.244216 , 0.246655 , 0.248121 , 0.248608 , 0.248114 , 0.24664 , 0.244193 , 0.240783 , 0.236422 , 0.231128 , 0.224922 , 0.217829 , 0.209876 , 0.201095 , 0.19152 , 0.18119 , 0.170145 , 0.158429 , 0.146087 , 0.13317 , 0.119727 , 0.105813 , 0.0914815 , 0.0767898 , 0.0617959 , 0.0465592 , 0.0311401 , 0.0155998 , 3.04557e-17 , ;
0 , 0.0194085 , 0.0387382 , 0.0579134 , 0.0768585 , 0.095499 , 0.113762 , 0.131575 , 0.148867 , 0.165572 , 0.181623 , 0.196956 , 0.211512 , 0.225233 , 0.238065 , 0.249956 , 0.260862 , 0.270737 , 0.279544 , 0.287248 , 0.293817 , 0.299228 , 0.303457 , 0.306488 , 0.30831 , 0.308915 , 0.308301 , 0.306471 , 0.30343 , 0.299193 , 0.293775 , 0.287197 , 0.279486 , 0.270672 , 0.26079 , 0.249879 , 0.237982 , 0.225146 , 0.211422 , 0.196864 , 0.181529 , 0.165478 , 0.148775 , 0.131485 , 0.113677 , 0.0954212 , 0.0767898 , 0.0578566 , 0.0386965 , 0.0193855 , 3.78437e-17 , ;
0 , 0.0231194 , 0.0461455 , 0.0689876 , 0.091556 , 0.113762 , 0.135517 , 0.156737 , 0.177338 , 0.197238 , 0.216359 , 0.234625 , 0.251966 , 0.268311 , 0.283597 , 0.297764 , 0.310755 , 0.32252 , 0.333012 , 0.342189 , 0.350016 , 0.356461 , 0.3615 , 0.365111 , 0.367282 , 0.368003 , 0.367272 , 0.365092 , 0.361471 , 0.356423 , 0.349968 , 0.342133 , 0.332947 , 0.322448 , 0.310676 , 0.297678 , 0.283506 , 0.268215 , 0.251866 , 0.234523 , 0.216255 , 0.197135 , 0.177236 , 0.156639 , 0.135425 , 0.113677 , 0.0914815 , 0.0689263 , 0.0461007 , 0.0230949 , 4.50823e-17 , ;
0 , 0.0267389 , 0.0533701 , 0.079789 , 0.105891 , 0.131575 , 0.156737 , 0.18128 , 0.205107 , 0.228124 , 0.25024 , 0.271367 , 0.291423 , 0.310329 , 0.32801 , 0.344395 , 0.359422 , 0.373029 , 0.385165 , 0.39578 , 0.404833 , 0.412288 , 0.418116 , 0.422293 , 0.424805 , 0.425639 , 0.424794 , 0.422272 , 0.418084 , 0.412246 , 0.404781 , 0.395719 , 0.385095 , 0.372952 , 0.359337 , 0.344303 , 0.327912 , 0.310226 , 0.291317 , 0.271258 , 0.250129 , 0.228014 , 0.204999 , 0.181176 , 0.156639 , 0.131485 , 0.105813 , 0.0797247 , 0.0533234 , 0.0267134 , 5.21429e-17 , ;
0 , 0.0302526 , 0.0603838 , 0.090275 , 0.119808 , 0.148867 , 0.177338 , 0.205107 , 0.232066 , 0.258109 , 0.283132 , 0.307037 , 0.32973 , 0.351122 , 0.371127 , 0.389667 , 0.406669 , 0.422066 , 0.435797 , 0.447808 , 0.458051 , 0.466487 , 0.473081 , 0.477809 , 0.48065 , 0.481595 , 0.480639 , 0.477787 , 0.473048 , 0.466443 , 0.457997 , 0.447744 , 0.435724 , 0.421984 , 0.40658 , 0.389571 , 0.371024 , 0.351014 , 0.329619 , 0.306923 , 0.283017 , 0.257994 , 0.231954 , 0.204999 , 0.177236 , 0.148775 , 0.119727 , 0.0902089 , 0.0603359 , 0.0302266 , 5.89978e-17 , ;
0 , 0.0336469 , 0.067159 , 0.100404 , 0.133252 , 0.165572 , 0.197238 , 0.228124 , 0.258109 , 0.287074 , 0.314906 , 0.341495 , 0.366735 , 0.390528 , 0.412778 , 0.4334 , 0.452311 , 0.469436 , 0.484708 , 0.498068 , 0.509462 , 0.518844 , 0.52618 , 0.531438 , 0.534599 , 0.535651 , 0.534588 , 0.531415 , 0.526146 , 0.5188 , 0.509406 , 0.498003 , 0.484634 , 0.469352 , 0.452219 , 0.433301 , 0.412673 , 0.390417 , 0.366621 , 0.341378 , 0.314789 , 0.286957 , 0.257994 , 0.228014 , 0.197135 , 0.165478 , 0.13317 , 0.100338 , 0.0671107 , 0.0336207 , 6.56199e-17 , ;
0 , 0.0369082 , 0.0736688 , 0.110137 , 0.146169 , 0.181623 , 0.216359 , 0.25024 , 0.283132 , 0.314906 , 0.345437 , 0.374604 , 0.402292 , 0.428392 , 0.4528 , 0.475422 , 0.496167 , 0.514953 , 0.531707 , 0.546362 , 0.558861 , 0.569154 , 0.577201 , 0.58297 , 0.586438 , 0.587592 , 0.586427 , 0.582947 , 0.577167 , 0.569109 , 0.558805 , 0.546296 , 0.531631 , 0.514868 , 0.496074 , 0.475322 , 0.452694 , 0.42828 , 0.402177 , 0.374486 , 0.345319 , 0.314789 , 0.283017 , 0.250129 , 0.216255 , 0.181529 , 0.146087 , 0.110071 , 0.0736208 , 0.0368822 , 7.19829e-17 , ;
0 , 0.0400237 , 0.0798877 , 0.119435 , 0.158509 , 0.196956 , 0.234625 , 0.271367 , 0.307037 , 0.341495 , 0.374604 , 0.406234 , 0.43626 , 0.464565 , 0.491035 , 0.515567 , 0.538064 , 0.558437 , 0.576606 , 0.5925 , 0.606055 , 0.617218 , 0.625945 , 0.632201 , 0.635963 , 0.637214 , 0.635951 , 0.632178 , 0.62591 , 0.617173 , 0.605999 , 0.592434 , 0.576531 , 0.558353 , 0.537972 , 0.515468 , 0.490929 , 0.464454 , 0.436146 , 0.406117 , 0.374486 , 0.341378 , 0.306923 , 0.271258 , 0.234523 , 0.196864 , 0.158429 , 0.119369 , 0.0798406 , 0.0399983 , 7.80619e-17 , ;
0 , 0.0429812 , 0.0857911 , 0.128261 , 0.170223 , 0.211512 , 0.251966 , 0.291423 , 0.32973 , 0.366735 , 0.402292 , 0.43626 , 0.468507 , 0.498903 , 0.527331 , 0.553677 , 0.577837 , 0.599717 , 0.61923 , 0.636299 , 0.650856 , 0.662845 , 0.672218 , 0.678937 , 0.682977 , 0.684322 , 0.682966 , 0.678915 , 0.672184 , 0.662801 , 0.650801 , 0.636234 , 0.619156 , 0.599635 , 0.577747 , 0.553579 , 0.527227 , 0.498795 , 0.468395 , 0.436146 , 0.402177 , 0.366621 , 0.329619 , 0.291317 , 0.251866 , 0.211422 , 0.170145 , 0.128197 , 0.0857454 , 0.0429566 , 8.38328e-17 , ;
0 , 0.0457691 , 0.0913559 , 0.136581 , 0.181265 , 0.225233 , 0.268311 , 0.310329 , 0.351122 , 0.390528 , 0.428392 , 0.464565 , 0.498903 , 0.531273 , 0.561545 , 0.589601 , 0.61533 , 0.63863 , 0.659409 , 0.677586 , 0.693089 , 0.705856 , 0.715837 , 0.722994 , 0.727296 , 0.728729 , 0.727285 , 0.722972 , 0.715805 , 0.705813 , 0.693036 , 0.677524 , 0.659338 , 0.63855 , 0.615242 , 0.589507 , 0.561445 , 0.531168 , 0.498795 , 0.464454 , 0.42828 , 0.390417 , 0.351014 , 0.310226 , 0.268215 , 0.225146 , 0.18119 , 0.13652 , 0.091312 , 0.0457455 , 8.92729e-17 , ;
0 , 0.0483762 , 0.0965599 , 0.144361 , 0.191592 , 0.238065 , 0.283597 , 0.32801 , 0.371127 , 0.412778 , 0.4528 , 0.491035 , 0.527331 , 0.561545 , 0.593543 , 0.623198 , 0.650394 , 0.675022 , 0.696986 , 0.716199 , 0.732586 , 0.746081 , 0.756632 , 0.764197 , 0.768745 , 0.77026 , 0.768735 , 0.764176 , 0.756601 , 0.74604 , 0.732535 , 0.716139 , 0.696918 , 0.674945 , 0.65031 , 0.623108 , 0.593447 , 0.561445 , 0.527227 , 0.490929 , 0.452694 , 0.412673 , 0.371024 , 0.327912 , 0.283506 , 0.237982 , 0.19152 , 0.144303 , 0.0965184 , 0.0483538 , 9.43607e-17 , ;
0 , 0.0507923 , 0.101383 , 0.151572 , 0.201162 , 0.249956 , 0.297764 , 0.344395 , 0.389667 , 0.4334 , 0.475422 , 0.515567 , 0.553677 , 0.589601 , 0.623198 , 0.654336 , 0.682891 , 0.70875 , 0.731812 , 0.751986 , 0.769192 , 0.783362 , 0.79444 , 0.802384 , 0.80716 , 0.808751 , 0.80715 , 0.802364 , 0.794411 , 0.783323 , 0.769144 , 0.751929 , 0.731747 , 0.708678 , 0.682811 , 0.654251 , 0.623108 , 0.589507 , 0.553579 , 0.515468 , 0.475322 , 0.433301 , 0.389571 , 0.344303 , 0.297678 , 0.249879 , 0.201095 , 0.151518 , 0.101344 , 0.0507714 , 9.9076e-17 , ;
0 , 0.053008 , 0.105805 , 0.158184 , 0.209938 , 0.260862 , 0.310755 , 0.359422 , 0.406669 , 0.452311 , 0.496167 , 0.538064 , 0.577837 , 0.61533 , 0.650394 , 0.682891 , 0.712692 , 0.73968 , 0.76375 , 0.784804 , 0.802762 , 0.817551 , 0.829113 , 0.837404 , 0.842389 , 0.84405 , 0.84238 , 0.837385 , 0.829086 , 0.817515 , 0.802717 , 0.784752 , 0.763689 , 0.739613 , 0.712618 , 0.682811 , 0.65031 , 0.615242 , 0.577747 , 0.537972 , 0.496074 , 0.452219 , 0.40658 , 0.359337 , 0.310676 , 0.26079 , 0.209876 , 0.158134 , 0.10577 , 0.0529887 , 1.034e-16 , ;
0 , 0.0550144 , 0.109811 , 0.164172 , 0.217885 , 0.270737 , 0.32252 , 0.373029 , 0.422066 , 0.469436 , 0.514953 , 0.558437 , 0.599717 , 0.63863 , 0.675022 , 0.70875 , 0.73968 , 0.767692 , 0.792673 , 0.814525 , 0.833163 , 0.848513 , 0.860514 , 0.869119 , 0.874294 , 0.876018 , 0.874286 , 0.869102 , 0.860489 , 0.84848 , 0.833123 , 0.814477 , 0.792618 , 0.76763 , 0.739613 , 0.708678 , 0.674945 , 0.63855 , 0.599635 , 0.558353 , 0.514868 , 0.469352 , 0.421984 , 0.372952 , 0.322448 , 0.270672 , 0.217829 , 0.164127 , 0.109778 , 0.0549969 , 1.07317e-16 , ;
0 , 0.0568037 , 0.113382 , 0.169512 , 0.224972 , 0.279544 , 0.333012 , 0.385165 , 0.435797 , 0.484708 , 0.531707 , 0.576606 , 0.61923 , 0.659409 , 0.696986 , 0.731812 , 0.76375 , 0.792673 , 0.818467 , 0.841032 , 0.860277 , 0.876127 , 0.888519 , 0.897404 , 0.902748 , 0.904529 , 0.902741 , 0.897389 , 0.888496 , 0.876097 , 0.86024 , 0.840989 , 0.818418 , 0.792618 , 0.763689 , 0.731747 , 0.696918 , 0.659338 , 0.619156 , 0.576531 , 0.531631 , 0.484634 , 0.435724 , 0.385095 , 0.332947 , 0.279486 , 0.224922 , 0.169472 , 0.113353 , 0.0567881 , 1.10809e-16 , ;
0 , 0.0583687 , 0.116506 , 0.174183 , 0.231172 , 0.287248 , 0.342189 , 0.39578 , 0.447808 , 0.498068 , 0.546362 , 0.5925 , 0.636299 , 0.677586 , 0.716199 , 0.751986 , 0.784804 , 0.814525 , 0.841032 , 0.864219 , 0.883995 , 0.900283 , 0.913017 , 0.922148 , 0.92764 , 0.929471 , 0.927633 , 0.922135 , 0.912997 , 0.900257 , 0.883963 , 0.864181 , 0.840989 , 0.814477 , 0.784752 , 0.751929 , 0.716139 , 0.677524 , 0.636234 , 0.592434 , 0.546296 , 0.498003 , 0.447744 , 0.395719 , 0.342133 , 0.287197 , 0.231128 , 0.174148 , 0.116481 , 0.0583552 , 1.13865e-16 , ;
0 , 0.0597034 , 0.11917 , 0.178167 , 0.236459 , 0.293817 , 0.350016 , 0.404833 , 0.458051 , 0.509462 , 0.558861 , 0.606055 , 0.650856 , 0.693089 , 0.732586 , 0.769192 , 0.802762 , 0.833163 , 0.860277 , 0.883995 , 0.904225 , 0.920885 , 0.933912 , 0.943252 , 0.94887 , 0.950744 , 0.948865 , 0.943241 , 0.933895 , 0.920863 , 0.904197 , 0.883963 , 0.86024 , 0.833123 , 0.802717 , 0.769144 , 0.732535 , 0.693036 , 0.650801 , 0.605999 , 0.558805 , 0.509406 , 0.457997 , 0.404781 , 0.349968 , 0.293775 , 0.236422 , 0.178137 , 0.119149 , 0.059692 , 1.16471e-16 , ;
0 , 0.0608025 , 0.121364 , 0.181447 , 0.240813 , 0.299228 , 0.356461 , 0.412288 , 0.466487 , 0.518844 , 0.569154 , 0.617218 , 0.662845 , 0.705856 , 0.746081 , 0.783362 , 0.817551 , 0.848513 , 0.876127 , 0.900283 , 0.920885 , 0.937854 , 0.951121 , 0.960634 , 0.966356 , 0.968265 , 0.966352 , 0.960625 , 0.951107 , 0.937836 , 0.920863 , 0.900257 , 0.876097 , 0.84848 , 0.817515 , 0.783323 , 0.74604 , 0.705813 , 0.662801 , 0.617173 , 0.569109 , 0.5188 , 0.466443 , 0.412246 , 0.356423 , 0.299193 , 0.240783 , 0.181423 , 0.121347 , 0.0607932 , 1.18617e-16 , ;
0 , 0.0616615 , 0.123079 , 0.184011 , 0.244216 , 0.303457 , 0.3615 , 0.418116 , 0.473081 , 0.52618 , 0.577201 , 0.625945 , 0.672218 , 0.715837 , 0.756632 , 0.79444 , 0.829113 , 0.860514 , 0.888519 , 0.913017 , 0.933912 , 0.951121 , 0.964576 , 0.974225 , 0.980028 , 0.981964 , 0.980025 , 0.974218 , 0.964566 , 0.951107 , 0.933895 , 0.912997 , 0.888496 , 0.860489 , 0.829086 , 0.794411 , 0.756601 , 0.715805 , 0.672184 , 0.62591 , 0.577167 , 0.526146 , 0.473048 , 0.418084 , 0.361471 , 0.30343 , 0.244193 , 0.183993 , 0.123066 , 0.0616545 , 1.20295e-16 , ;
0 , 0.0622773 , 0.124308 , 0.185849 , 0.246655 , 0.306488 , 0.365111 , 0.422293 , 0.477809 , 0.531438 , 0.58297 , 0.632201 , 0.678937 , 0.722994 , 0.764197 , 0.802384 , 0.837404 , 0.869119 , 0.897404 , 0.922148 , 0.943252 , 0.960634 , 0.974225 , 0.98397 , 0.989832 , 0.991788 , 0.98983 , 0.983966 , 0.974218 , 0.960625 , 0.943241 , 0.922135 , 0.897389 , 0.869102 , 0.837385 , 0.802364 , 0.764176 , 0.722972 , 0.678915 , 0.632178 , 0.582947 , 0.531415 , 0.477787 , 0.422272 , 0.365092 , 0.306471 , 0.24664 , 0.185836 , 0.1243 , 0.0622726 , 1.21499e-16 , ;
0 , 0.0626472 , 0.125047 , 0.186953 , 0.248121 , 0.30831 , 0.367282 , 0.424805 , 0.48065 , 0.534599 , 0.586438 , 0.635963 , 0.682977 , 0.727296 , 0.768745 , 0.80716 , 0.842389 , 0.874294 , 0.902748 , 0.92764 , 0.94887 , 0.966356 , 0.980028 , 0.989832 , 0.99573 , 0.997698 , 0.995729 , 0.98983 , 0.980025 , 0.966352 , 0.948865 , 0.927633 , 0.902741 , 0.874286 , 0.84238 , 0.80715 , 0.768735 , 0.727285 , 0.682966 , 0.635951 , 0.586427 , 0.534588 , 0.480639 , 0.424794 , 0.367272 , 0.308301 , 0.248114 , 0.186947 , 0.125043 , 0.0626448 , 1.22223e-16 , ;
0 , 0.0627699 , 0.125292 , 0.18732 , 0.248608 , 0.308915 , 0.368003 , 0.425639 , 0.481595 , 0.535651 , 0.587592 , 0.637214 , 0.684322 , 0.728729 , 0.77026 , 0.808751 , 0.84405 , 0.876018 , 0.904529 , 0.929471 , 0.950744 , 0.968265 , 0.981964 , 0.991788 , 0.997698 , 0.999671 , 0.997698 , 0.991788 , 0.981964 , 0.968265 , 0.950744 , 0.929471 , 0.904529 , 0.876018 , 0.84405 , 0.808751 , 0.77026 , 0.728729 , 0.684322 , 0.637214 , 0.587592 , 0.535651 , 0.481595 , 0.425639 , 0.368003 , 0.308915 , 0.248608 , 0.18732 , 0.125292 , 0.0627699 , 1.22465e-16 , ;
0 , 0.0626448 , 0.125043 , 0.186947 , 0.248114 , 0.308301 , 0.367272 , 0.424794 , 0.480639 , 0.534588 , 0.586427 , 0.635951 , 0.682966 , 0.727285 , 0.768735 , 0.80715 , 0.84238 , 0.874286 , 0.902741 , 0.927633 , 0.948865 , 0.966352 , 0.980025 , 0.98983 , 0.995729 , 0.997698 , 0.99573 , 0.989832 , 0.980028 , 0.966356 , 0.94887 , 0.92764 , 0.902748 , 0.874294 , 0.842389 , 0.80716 , 0.768745 , 0.727296 , 0.682977 , 0.635963 , 0.586438 , 0.534599 , 0.48065 , 0.424805 , 0.367282 , 0.30831 , 0.248121 , 0.186953 , 0.125047 , 0.0626472 , 1.22223e-16 , ;
0 , 0.0622726 , 0.1243 , 0.185836 , 0.24664 , 0.306471 , 0.365092 , 0.422272 , 0.477787 , 0.531415 , 0.582947 , 0.632178 , 0.678915 , 0.722972 , 0.764176 , 0.802364 , 0.837385 , 0.869102 , 0.897389 , 0.922135 , 0.943241 , 0.960625 , 0.974218 , 0.983966 , 0.98983 , 0.991788 , 0.989832 , 0.98397 , 0.974225 , 0.960634 , 0.943252 , 0.922148 , 0.897404 , 0.869119 , 0.837404 , 0.802384 , 0.764197 , 0.722994 , 0.678937 , 0.632201 , 0.58297 , 0.531438 , 0.477809 , 0.422293 , 0.365111 , 0.306488 , 0.246655 , 0.185849 , 0.124308 , 0.0622773 , 1.21499e-16 , ;
0 , 0.0616545 , 0.123066 , 0.183993 , 0.244193 , 0.30343 , 0.361471 , 0.418084 , 0.473048 , 0.526146 , 0.577167 , 0.62591 , 0.672184 , 0.715805 , 0.756601 , 0.794411 , 0.829086 , 0.860489 , 0.888496 , 0.912997 , 0.933895 , 0.951107 , 0.964566 , 0.974218 , 0.980025 , 0.981964 , 0.980028 , 0.974225 , 0.964576 , 0.951121 , 0.933912 , 0.913017 , 0.888519 , 0.860514 , 0.829113 , 0.79444 , 0.756632 , 0.715837 , 0.672218 , 0.625945 , 0.577201 , 0.52618 , 0.473081 , 0.418116 , 0.3615 , 0.303457 , 0.244216 , 0.184011 , 0.123079 , 0.0616615 , 1.20295e-16 , ;
0 , 0.0607932 , 0.121347 , 0.181423 , 0.240783 , 0.299193 , 0.356423 , 0.412246 , 0.466443 , 0.5188 , 0.569109 , 0.617173 , 0.662801 , 0.705813 , 0.74604 , 0.783323 , 0.817515 , 0.84848 , 0.876097 , 0.900257 , 0.920863 , 0.937836 , 0.951107 , 0.960625 , 0.966352 , 0.968265 , 0.966356 , 0.960634 , 0.951121 , 0.937854 , 0.920885 , 0.900283 , 0.876127 , 0.848513 , 0.817551 , 0.783362 , 0.746081 , 0.705856 , 0.662845 , 0.617218 , 0.569154 , 0.518844 , 0.466487 , 0.412288 , 0.356461 , 0.299228 , 0.240813 , 0.181447 , 0.121364 , 0.0608025 , 1.18617e-16 , ;
0 , 0.059692 , 0.119149 , 0.178137 , 0.236422 , 0.293775 , 0.349968 , 0.404781 , 0.457997 , 0.509406 , 0.558805 , 0.605999 , 0.650801 , 0.693036 , 0.732535 , 0.769144 , 0.802717 , 0.833123 , 0.86024 , 0.883963 , 0.904197 , 0.920863 , 0.933895 , 0.943241 , 0.948865 , 0.950744 , 0.94887 , 0.943252 , 0.933912 , 0.920885 , 0.904225 , 0.883995 , 0.860277 , 0.833163 , 0.802762 , 0.769192 , 0.732586 , 0.693089 , 0.650856 , 0.606055 , 0.558861 , 0.509462 , 0.458051 , 0.404833 , 0.350016 , 0.293817 , 0.236459 , 0.178167 , 0.11917 , 0.0597034 , 1.16471e-16 , ;
0 , 0.0583552 , 0.116481 , 0.174148 , 0.231128 , 0.287197 , 0.342133 , 0.395719 , 0.447744 , 0.498003 , 0.546296 , 0.592434 , 0.636234 , 0.677524 , 0.716139 , 0.751929 , 0.784752 , 0.814477 , 0.840989 , 0.864181 , 0.883963 , 0.900257 , 0.912997 , 0.922135 , 0.927633 , 0.929471 , 0.92764 , 0.922148 , 0.913017 , 0.900283 , 0.883995 , 0.864219 , 0.841032 , 0.814525 , 0.784804 , 0.751986 , 0.716199 , 0.677586 , 0.636299 , 0.5925 , 0.546362 , 0.498068 , 0.447808 , 0.39578 , 0.342189 , 0.287248 , 0.231172 , 0.174183 , 0.116506 , 0.0583687 , 1.13865e-16 , ;
0 , 0.0567881 , 0.113353 , 0.169472 , 0.224922 , 0.279486 , 0.332947 , 0.385095 , 0.435724 , 0.484634 , 0.531631 , 0.576531 , 0.619156 , 0.659338 , 0.696918 , 0.731747 , 0.763689 , 0.792618 , 0.818418 , 0.840989 , 0.86024 , 0.876097 , 0.888496 , 0.897389 , 0.902741 , 0.904529 , 0.902748 , 0.897404 , 0.888519 , 0.876127 , 0.860277 , 0.841032 , 0.818467 , 0.792673 , 0.76375 , 0.731812 , 0.696986 , 0.659409 , 0.61923 , 0.576606 , 0.531707 , 0.484708 , 0.435797 , 0.385165 , 0.333012 , 0.279544 , 0.224972 , 0.169512 , 0.113382 , 0.0568037 , 1.10809e-16 , ;
0 , 0.0549969 , 0.109778 , 0.164127 , 0.217829 , 0.270672 , 0.322448 , 0.372952 , 0.421984 , 0.469352 , 0.514868 , 0.558353 , 0.599635 , 0.63855 , 0.674945 , 0.708678 , 0.739613 , 0.76763 , 0.792618 , 0.814477 , 0.833123 , 0.84848 , 0.860489 , 0.869102 , 0.874286 , 0.876018 , 0.874294 , 0.869119 , 0.860514 , 0.848513 , 0.833163 , 0.814525 , 0.792673 , 0.767692 , 0.73968 , 0.70875 , 0.675022 , 0.63863 , 0.599717 , 0.558437 , 0.514953 , 0.469436 , 0.422066 , 0.373029 , 0.32252 , 0.270737 , 0.217885 , 0.164172 , 0.109811 , 0.0550144 , 1.07317e-16 , ;
0 , 0.0529887 , 0.10577 , 0.158134 , 0.209876 , 0.26079 , 0.310676 , 0.359337 , 0.40658 , 0.452219 , 0.496074 , 0.537972 , 0.577747 , 0.615242 , 0.65031 , 0.682811 , 0.712618 , 0.739613 , 0.763689 , 0.784752 , 0.802717 , 0.817515 , 0.829086 , 0.837385 , 0.84238 , 0.84405 , 0.842389 , 0.837404 , 0.829113 , 0.817551 , 0.802762 , 0.784804 , 0.76375 , 0.73968 , 0.712692 , 0.682891 , 0.650394 , 0.61533 , 0.577837 , 0.538064 , 0.496167 , 0.452311 , 0.406669 , 0.359422 , 0.310755 , 0.260862 , 0.209938 , 0.158184 , 0.105805 , 0.053008 , 1.034e-16 , ;
0 , 0.0507714 , 0.101344 , 0.151518 , 0.201095 , 0.249879 , 0.297678 , 0.344303 , 0.389571 , 0.433301 , 0.475322 , 0.515468 , 0.553579 , 0.589507 , 0.623108 , 0.654251 , 0.682811 , 0.708678 , 0.731747 , 0.751929 , 0.769144 , 0.783323 , 0.794411 , 0.802364 , 0.80715 , 0.808751 , 0.80716 , 0.802384 , 0.79444 , 0.783362 , 0.769192 , 0.751986 , 0.731812 , 0.70875 , 0.682891 , 0.654336 , 0.623198 , 0.589601 , 0.553677 , 0.515567 , 0.475422 , 0.4334 , 0.389667 , 0.344395 , 0.297764 , 0.249956 , 0.201162 , 0.151572 , 0.101383 , 0.0507923 , 9.9076e-17 , ;
0 , 0.0483538 , 0.0965184 , 0.144303 , 0.19152 , 0.237982 , 0.283506 , 0.327912 , 0.371024 , 0.412673 , 0.452694 , 0.490929 , 0.527227 , 0.561445 , 0.593447 , 0.623108 , 0.65031 , 0.674945 , 0.696918 , 0.716139 , 0.732535 , 0.74604 , 0.756601 , 0.764176 , 0.768735 , 0.77026 , 0.768745 , 0.764197 , 0.756632 , 0.746081 , 0.732586 , 0.716199 , 0.696986 , 0.675022 , 0.650394 , 0.623198 , 0.593543 , 0.561545 , 0.527331 , 0.491035 , 0.4528 , 0.412778 , 0.371127 , 0.32801 , 0.283597 , 0.238065 , 0.191592 , 0.144361 , 0.0965599 , 0.0483762 , 9.43607e-17 , ;
0 , 0.0457455 , 0.091312 , 0.13652 , 0.18119 , 0.225146 , 0.268215 , 0.310226 , 0.351014 , 0.390417 , 0.42828 , 0.464454 , 0.498795 , 0.531168 , 0.561445 , 0.589507 , 0.615242 , 0.63855 , 0.659338 , 0.677524 , 0.693036 , 0.705813 , 0.715805 , 0.722972 , 0.727285 , 0.728729 , 0.727296 , 0.722994 , 0.715837 , 0.705856 , 0.693089 , 0.677586 , 0.659409 , 0.63863 , 0.61533 , 0.589601 , 0.561545 , 0.531273 , 0.498903 , 0.464565 , 0.428392 , 0.390528 , 0.351122 , 0.310329 , 0.268311 , 0.225233 , 0.181265 , 0.136581 , 0.0913559 , 0.0457691 , 8.92729e-17 , ;
0 , 0.0429566 , 0.0857454 , 0.128197 , 0.170145 , 0.211422 , 0.251866 , 0.291317 , 0.329619 , 0.366621 , 0.402177 , 0.436146 , 0.468395 , 0.498795 , 0.527227 , 0.553579 , 0.577747 , 0.599635 , 0.619156 , 0.636234 , 0.650801 , 0.662801 , 0.672184 , 0.678915 , 0.682966 , 0.684322 , 0.682977 , 0.678937 , 0.672218 , 0.662845 , 0.650856 , 0.636299 , 0.61923 , 0.599717 , 0.577837 , 0.553677 , 0.527331 , 0.498903 , 0.468507 , 0.43626 , 0.402292 , 0.366735 , 0.32973 , 0.291423 , 0.251966 , 0.211512 , 0.170223 , 0.128261 , 0.0857911 , 0.0429812 , 8.38328e-17 , ;
0 , 0.0399983 , 0.0798406 , 0.119369 , 0.158429 , 0.196864 , 0.234523 , 0.271258 , 0.306923 , 0.341378 , 0.374486 , 0.406117 , 0.436146 , 0.464454 , 0.490929 , 0.515468 , 0.537972 , 0.558353 , 0.576531 , 0.592434 , 0.605999 , 0.617173 , 0.62591 , 0.632178 , 0.635951 , 0.637214 , 0.635963 , 0.632201 , 0.625945 , 0.617218 , 0.606055 , 0.5925 , 0.576606 , 0.558437 , 0.538064 , 0.515567 , 0.491035 , 0.464565 , 0.43626 , 0.406234 , 0.374604 , 0.341495 , 0.307037 , 0.271367 , 0.234625 , 0.196956 , 0.158509 , 0.119435 , 0.0798877 , 0.0400237 , 7.80619e-17 , ;
0 , 0.0368822 , 0.0736208 , 0.110071 , 0.146087 , 0.181529 , 0.216255 , 0.250129 , 0.283017 , 0.314789 , 0.345319 , 0.374486 , 0.402177 , 0.42828 , 0.452694 , 0.475322 , 0.496074 , 0.514868 , 0.531631 , 0.546296 , 0.558805 , 0.569109 , 0.577167 , 0.582947 , 0.586427 , 0.587592 , 0.586438 , 0.58297 , 0.577201 , 0.569154 , 0.558861 , 0.546362 , 0.531707 , 0.514953 , 0.496167 , 0.475422 , 0.4528 , 0.428392 , 0.402292 , 0.374604 , 0.345437 , 0.314906 , 0.283132 , 0.25024 , 0.216359 , 0.181623 , 0.146169 , 0.110137 , 0.0736688 , 0.0369082 , 7.19829e-17 , ;
0 , 0.0336207 , 0.0671107 , 0.100338 , 0.13317 , 0.165478 , 0.197135 , 0.228014 , 0.257994 , 0.286957 , 0.314789 , 0.341378 , 0.366621 , 0.390417 , 0.412673 , 0.433301 , 0.452219 , 0.469352 , 0.484634 , 0.498003 , 0.509406 , 0.5188 , 0.526146 , 0.531415 , 0.534588 , 0.535651 , 0.534599 , 0.531438 , 0.52618 , 0.518844 , 0.509462 , 0.498068 , 0.484708 , 0.469436 , 0.452311 , 0.4334 , 0.412778 , 0.390528 , 0.366735 , 0.341495 , 0.314906 , 0.287074 , 0.258109 , 0.228124 , 0.197238 , 0.165572 , 0.133252 , 0.100404 , 0.067159 , 0.0336469 , 6.56199e-17 , ;
0 , 0.0302266 , 0.0603359 , 0.0902089 , 0.119727 , 0.148775 , 0.177236 , 0.204999 , 0.231954 , 0.257994 , 0.283017 , 0.306923 , 0.329619 , 0.351014 , 0.371024 , 0.389571 , 0.40658 , 0.421984 , 0.435724 , 0.447744 , 0.457997 , 0.466443 , 0.473048 , 0.477787 , 0.480639 , 0.481595 , 0.48065 , 0.477809 , 0.473081 , 0.466487 , 0.458051 , 0.447808 , 0.435797 , 0.422066 , 0.406669 , 0.389667 , 0.371127 , 0.351122 , 0.32973 , 0.307037 , 0.283132 , 0.258109 , 0.232066 , 0.205107 , 0.177338 , 0.148867 , 0.119808 , 0.090275 , 0.0603838 , 0.0302526 , 5.89978e-17 , ;
0 , 0.0267134 , 0.0533234 , 0.0797247 , 0.105813 , 0.131485 , 0.156639 , 0.181176 , 0.204999 , 0.228014 , 0.250129 , 0.271258 , 0.291317 , 0.310226 , 0.327912 , 0.344303 , 0.359337 , 0.372952 , 0.385095 , 0.395719 , 0.404781 , 0.412246 , 0.418084 , 0.422272 , 0.424794 , 0.425639 , 0.424805 , 0.422293 , 0.418116 , 0.412288 , 0.404833 , 0.39578 , 0.385165 , 0.373029 , 0.359422 , 0.344395 , 0.32801 , 0.310329 , 0.291423 , 0.271367 , 0.25024 , 0.228124 , 0.205107 , 0.18128 , 0.156737 , 0.131575 , 0.105891 , 0.079789 , 0.0533701 , 0.0267389 , 5.21429e-17 , ;
0 , 0.0230949 , 0.0461007 , 0.0689263 , 0.0914815 , 0.113677 , 0.135425 , 0.156639 , 0.177236 , 0.197135 , 0.216255 , 0.234523 , 0.251866 , 0.268215 , 0.283506 , 0.297678 , 0.310676 , 0.322448 , 0.332947 , 0.342133 , 0.349968 , 0.356423 , 0.361471 , 0.365092 , 0.367272 , 0.368003 , 0.367282 , 0.365111 , 0.3615 , 0.356461 , 0.350016 , 0.342189 , 0.333012 , 0.32252 , 0.310755 , 0.297764 , 0.283597 , 0.268311 , 0.251966 , 0.234625 , 0.216359 , 0.197238 , 0.177338 , 0.156737 , 0.135517 , 0.113762 , 0.091556 , 0.0689876 , 0.0461455 , 0.0231194 , 4.50823e-17 , ;
0 , 0.0193855 , 0.0386965 , 0.0578566 , 0.0767898 , 0.0954212 , 0.113677 , 0.131485 , 0.148775 , 0.165478 , 0.181529 , 0.196864 , 0.211422 , 0.225146 , 0.237982 , 0.249879 , 0.26079 , 0.270672 , 0.279486 , 0.287197 , 0.293775 , 0.299193 , 0.30343 , 0.306471 , 0.308301 , 0.308915 , 0.30831 , 0.306488 , 0.303457 , 0.299228 , 0.293817 , 0.287248 , 0.279544 , 0.270737 , 0.260862 , 0.249956 , 0.238065 , 0.225233 , 0.211512 , 0.196956 , 0.181623 , 0.165572 , 0.148867 , 0.131575 , 0.113762 , 0.095499 , 0.0768585 , 0.0579134 , 0.0387382 , 0.0194085 , 3.78437e-17 , ;
0 , 0.0155998 , 0.0311401 , 0.0465592 , 0.0617959 , 0.0767898 , 0.0914815 , 0.105813 , 0.119727 , 0.13317 , 0.146087 , 0.158429 , 0.170145 , 0.18119 , 0.19152 , 0.201095 , 0.209876 , 0.217829 , 0.224922 , 0.231128 , 0.236422 , 0.240783 , 0.244193 , 0.24664 , 0.248114 , 0.248608 , 0.248121 , 0.246655 , 0.244216 , 0.240813 , 0.236459 , 0.231172 , 0.224972 , 0.217885 , 0.209938 , 0.201162 , 0.191592 , 0.181265 , 0.170223 , 0.158509 , 0.146169 , 0.133252 , 0.119808 , 0.105891 , 0.091556 , 0.0768585 , 0.0618568 , 0.0466098 , 0.0311776 , 0.0156207 , 3.04557e-17 , ;
0 , 0.011753 , 0.0234615 , 0.035079 , 0.0465592 , 0.0578566 , 0.0689263 , 0.0797247 , 0.0902089 , 0.100338 , 0.110071 , 0.119369 , 0.128197 , 0.13652 , 0.144303 , 0.151518 , 0.158134 , 0.164127 , 0.169472 , 0.174148 , 0.178137 , 0.181423 , 0.183993 , 0.185836 , 0.186947 , 0.18732 , 0.186953 , 0.185849 , 0.184011 , 0.181447 , 0.178167 , 0.174183 , 0.169512 , 0.164172 , 0.158184 , 0.151572 , 0.144361 , 0.136581 , 0.128261 , 0.119435 , 0.110137 , 0.100404 , 0.090275 , 0.079789 , 0.0689876 , 0.0579134 , 0.0466098 , 0.0351214 , 0.0234932 , 0.0117708 , 2.29476e-17 , ;
0 , 0.00786024 , 0.0156912 , 0.0234615 , 0.0311401 , 0.0386965 , 0.0461007 , 0.0533234 , 0.0603359 , 0.0671107 , 0.0736208 , 0.0798406 , 0.0857454 , 0.091312 , 0.0965184 , 0.101344 , 0.10577 , 0.109778 , 0.113353 , 0.116481 , 0.119149 , 0.121347 , 0.123066 , 0.1243 , 0.125043 , 0.125292 , 0.125047 , 0.124308 , 0.123079 , 0.121364 , 0.11917 , 0.116506 , 0.113382 , 0.109811 , 0.105805 , 0.101383 , 0.0965599 , 0.0913559 , 0.0857911 , 0.0798877 , 0.0736688 , 0.067159 , 0.0603838 , 0.0533701 , 0.0461455 , 0.0387382 , 0.0311776 , 0.0234932 , 0.0157153 , 0.00787406 , 1.53489e-17 , ;
0 , 0.00393725 , 0.00786024 , 0.011753 , 0.0155998 , 0.0193855 , 0.0230949 , 0.0267134 , 0.0302266 , 0.0336207 , 0.0368822 , 0.0399983 , 0.0429566 , 0.0457455 , 0.0483538 , 0.0507714 , 0.0529887 , 0.0549969 , 0.0567881 , 0.0583552 , 0.059692 , 0.0607932 , 0.0616545 , 0.0622726 , 0.0626448 , 0.0627699 , 0.0626472 , 0.0622773 , 0.0616615 , 0.0608025 , 0.0597034 , 0.0583687 , 0.0568037 , 0.0550144 , 0.053008 , 0.0507923 , 0.0483762 , 0.0457691 , 0.0429812 , 0.0400237 , 0.0369082 , 0.0336469 , 0.0302526 , 0.0267389 , 0.0231194 , 0.0194085 , 0.0156207 , 0.0117708 , 0.00787406 , 0.00394545 , 7.68962e-18 , ;
0 , 7.68962e-18 , 1.53489e-17 , 2.29476e-17 , 3.04557e-17 , 3.78437e-17 , 4.50823e-17 , 5.21429e-17 , 5.89978e-17 , 6.56199e-17 , 7.19829e-17 , 7.80619e-17 , 8.38328e-17 , 8.92729e-17 , 9.43607e-17 , 9.9076e-17 , 1.034e-16 , 1.07317e-16 , 1.10809e-16 , 1.13865e-16 , 1.16471e-16 , 1.18617e-16 , 1.20295e-16 , 1.21499e-16 , 1.22223e-16 , 1.22465e-16 , 1.22223e-16 , 1.21499e-16 , 1.20295e-16 , 1.18617e-16 , 1.16471e-16 , 1.13865e-16 , 1.10809e-16 , 1.07317e-16 , 1.034e-16 , 9.9076e-17 , 9.43607e-17 , 8.92729e-17 , 8.38328e-17 , 7.80619e-17 , 7.19829e-17 , 6.56199e-17 , 5.89978e-17 , 5.21429e-17 , 4.50823e-17 , 3.78437e-17 , 3.04557e-17 , 2.29476e-17 , 1.53489e-17 , 7.68962e-18 , 1.49976e-32 , ;
];
surf(X, Y, u);
