x = 0:1/40:1;
y = 0:1/40:1;
[X, Y] = meshgrid(x, y);
u = [0 , 0 , 0 , 0 , 0 , 0 , 0 , 0 , 0 , 0 , 0 , 0 , 0 , 0 , 0 , 0 , 0 , 0 , 0 , 0 , 0 , 0 , 0 , 0 , 0 , 0 , 0 , 0 , 0 , 0 , 0 , 0 , 0 , 0 , 0 , 0 , 0 , 0 , 0 , 0 , 0 , ;
0 , 0.00615583 , 0.0122737 , 0.0183159 , 0.0242452 , 0.030025 , 0.0356197 , 0.0409948 , 0.0461171 , 0.0509551 , 0.055479 , 0.0596608 , 0.0634748 , 0.0668974 , 0.0699076 , 0.0724868 , 0.0746191 , 0.0762913 , 0.0774932 , 0.0782172 , 0.0784591 , 0.0782172 , 0.0774932 , 0.0762913 , 0.0746191 , 0.0724868 , 0.0699076 , 0.0668974 , 0.0634748 , 0.0596608 , 0.055479 , 0.0509551 , 0.0461171 , 0.0409948 , 0.0356197 , 0.030025 , 0.0242452 , 0.0183159 , 0.0122737 , 0.00615583 , 9.60847e-18 , ;
0 , 0.0122737 , 0.0244718 , 0.0365189 , 0.048341 , 0.0598649 , 0.0710198 , 0.0817368 , 0.09195 , 0.101596 , 0.110616 , 0.118954 , 0.126558 , 0.133382 , 0.139384 , 0.144527 , 0.148778 , 0.152112 , 0.154509 , 0.155952 , 0.156435 , 0.155952 , 0.154509 , 0.152112 , 0.148778 , 0.144527 , 0.139384 , 0.133382 , 0.126558 , 0.118954 , 0.110616 , 0.101596 , 0.09195 , 0.0817368 , 0.0710198 , 0.0598649 , 0.048341 , 0.0365189 , 0.0244718 , 0.0122737 , 1.91577e-17 , ;
0 , 0.0183159 , 0.0365189 , 0.0544967 , 0.0721386 , 0.0893357 , 0.105982 , 0.121975 , 0.137216 , 0.151611 , 0.165071 , 0.177513 , 0.188861 , 0.199045 , 0.208001 , 0.215675 , 0.22202 , 0.226995 , 0.230571 , 0.232726 , 0.233445 , 0.232726 , 0.230571 , 0.226995 , 0.22202 , 0.215675 , 0.208001 , 0.199045 , 0.188861 , 0.177513 , 0.165071 , 0.151611 , 0.137216 , 0.121975 , 0.105982 , 0.0893357 , 0.0721386 , 0.0544967 , 0.0365189 , 0.0183159 , 2.85888e-17 , ;
0 , 0.0242452 , 0.048341 , 0.0721386 , 0.0954916 , 0.118256 , 0.140291 , 0.161461 , 0.181636 , 0.200691 , 0.218508 , 0.234978 , 0.25 , 0.26348 , 0.275336 , 0.285495 , 0.293893 , 0.300479 , 0.305213 , 0.308065 , 0.309017 , 0.308065 , 0.305213 , 0.300479 , 0.293893 , 0.285495 , 0.275336 , 0.26348 , 0.25 , 0.234978 , 0.218508 , 0.200691 , 0.181636 , 0.161461 , 0.140291 , 0.118256 , 0.0954916 , 0.0721386 , 0.048341 , 0.0242452 , 3.78437e-17 , ;
0 , 0.030025 , 0.0598649 , 0.0893357 , 0.118256 , 0.146447 , 0.173735 , 0.199952 , 0.224936 , 0.248533 , 0.270598 , 0.290995 , 0.309598 , 0.326291 , 0.340974 , 0.353553 , 0.363954 , 0.37211 , 0.377972 , 0.381504 , 0.382684 , 0.381504 , 0.377972 , 0.37211 , 0.363954 , 0.353553 , 0.340974 , 0.326291 , 0.309598 , 0.290995 , 0.270598 , 0.248533 , 0.224936 , 0.199952 , 0.173735 , 0.146447 , 0.118256 , 0.0893357 , 0.0598649 , 0.030025 , 4.68652e-17 , ;
0 , 0.0356197 , 0.0710198 , 0.105982 , 0.140291 , 0.173735 , 0.206108 , 0.23721 , 0.266849 , 0.294843 , 0.32102 , 0.345217 , 0.367286 , 0.387091 , 0.404509 , 0.419433 , 0.431771 , 0.441447 , 0.448402 , 0.452591 , 0.453991 , 0.452591 , 0.448402 , 0.441447 , 0.431771 , 0.419433 , 0.404509 , 0.387091 , 0.367286 , 0.345217 , 0.32102 , 0.294843 , 0.266849 , 0.23721 , 0.206108 , 0.173735 , 0.140291 , 0.105982 , 0.0710198 , 0.0356197 , 5.55978e-17 , ;
0 , 0.0409948 , 0.0817368 , 0.121975 , 0.161461 , 0.199952 , 0.23721 , 0.273005 , 0.307117 , 0.339336 , 0.369462 , 0.397311 , 0.42271 , 0.445503 , 0.46555 , 0.482726 , 0.496926 , 0.508062 , 0.516066 , 0.520888 , 0.522499 , 0.520888 , 0.516066 , 0.508062 , 0.496926 , 0.482726 , 0.46555 , 0.445503 , 0.42271 , 0.397311 , 0.369462 , 0.339336 , 0.307117 , 0.273005 , 0.23721 , 0.199952 , 0.161461 , 0.121975 , 0.0817368 , 0.0409948 , 6.39876e-17 , ;
0 , 0.0461171 , 0.09195 , 0.137216 , 0.181636 , 0.224936 , 0.266849 , 0.307117 , 0.345492 , 0.381736 , 0.415627 , 0.446956 , 0.475529 , 0.50117 , 0.523721 , 0.543043 , 0.559017 , 0.571545 , 0.580549 , 0.585974 , 0.587786 , 0.585974 , 0.580549 , 0.571545 , 0.559017 , 0.543043 , 0.523721 , 0.50117 , 0.475529 , 0.446956 , 0.415627 , 0.381736 , 0.345492 , 0.307117 , 0.266849 , 0.224936 , 0.181636 , 0.137216 , 0.09195 , 0.0461171 , 7.19829e-17 , ;
0 , 0.0509551 , 0.101596 , 0.151611 , 0.200691 , 0.248533 , 0.294843 , 0.339336 , 0.381736 , 0.421783 , 0.459229 , 0.493844 , 0.525415 , 0.553746 , 0.578663 , 0.600012 , 0.617662 , 0.631504 , 0.641453 , 0.647446 , 0.649448 , 0.647446 , 0.641453 , 0.631504 , 0.617662 , 0.600012 , 0.578663 , 0.553746 , 0.525415 , 0.493844 , 0.459229 , 0.421783 , 0.381736 , 0.339336 , 0.294843 , 0.248533 , 0.200691 , 0.151611 , 0.101596 , 0.0509551 , 7.95344e-17 , ;
0 , 0.055479 , 0.110616 , 0.165071 , 0.218508 , 0.270598 , 0.32102 , 0.369462 , 0.415627 , 0.459229 , 0.5 , 0.537688 , 0.572062 , 0.602908 , 0.630037 , 0.653282 , 0.672499 , 0.68757 , 0.698402 , 0.704927 , 0.707107 , 0.704927 , 0.698402 , 0.68757 , 0.672499 , 0.653282 , 0.630037 , 0.602908 , 0.572062 , 0.537688 , 0.5 , 0.459229 , 0.415627 , 0.369462 , 0.32102 , 0.270598 , 0.218508 , 0.165071 , 0.110616 , 0.055479 , 8.65956e-17 , ;
0 , 0.0596608 , 0.118954 , 0.177513 , 0.234978 , 0.290995 , 0.345217 , 0.397311 , 0.446956 , 0.493844 , 0.537688 , 0.578217 , 0.615182 , 0.648353 , 0.677527 , 0.702524 , 0.723189 , 0.739396 , 0.751044 , 0.758062 , 0.760406 , 0.758062 , 0.751044 , 0.739396 , 0.723189 , 0.702524 , 0.677527 , 0.648353 , 0.615182 , 0.578217 , 0.537688 , 0.493844 , 0.446956 , 0.397311 , 0.345217 , 0.290995 , 0.234978 , 0.177513 , 0.118954 , 0.0596608 , 9.31229e-17 , ;
0 , 0.0634748 , 0.126558 , 0.188861 , 0.25 , 0.309598 , 0.367286 , 0.42271 , 0.475529 , 0.525415 , 0.572062 , 0.615182 , 0.654509 , 0.689801 , 0.72084 , 0.747435 , 0.769422 , 0.786664 , 0.799057 , 0.806523 , 0.809018 , 0.806523 , 0.799057 , 0.786664 , 0.769422 , 0.747435 , 0.72084 , 0.689801 , 0.654509 , 0.615182 , 0.572062 , 0.525415 , 0.475529 , 0.42271 , 0.367286 , 0.309598 , 0.25 , 0.188861 , 0.126558 , 0.0634748 , 9.9076e-17 , ;
0 , 0.0668974 , 0.133382 , 0.199045 , 0.26348 , 0.326291 , 0.387091 , 0.445503 , 0.50117 , 0.553746 , 0.602908 , 0.648353 , 0.689801 , 0.726995 , 0.759708 , 0.787737 , 0.810909 , 0.829082 , 0.842143 , 0.850012 , 0.852641 , 0.850012 , 0.842143 , 0.829082 , 0.810909 , 0.787737 , 0.759708 , 0.726995 , 0.689801 , 0.648353 , 0.602908 , 0.553746 , 0.50117 , 0.445503 , 0.387091 , 0.326291 , 0.26348 , 0.199045 , 0.133382 , 0.0668974 , 1.04418e-16 , ;
0 , 0.0699076 , 0.139384 , 0.208001 , 0.275336 , 0.340974 , 0.404509 , 0.46555 , 0.523721 , 0.578663 , 0.630037 , 0.677527 , 0.72084 , 0.759708 , 0.793893 , 0.823183 , 0.847398 , 0.866388 , 0.880038 , 0.88826 , 0.891007 , 0.88826 , 0.880038 , 0.866388 , 0.847398 , 0.823183 , 0.793893 , 0.759708 , 0.72084 , 0.677527 , 0.630037 , 0.578663 , 0.523721 , 0.46555 , 0.404509 , 0.340974 , 0.275336 , 0.208001 , 0.139384 , 0.0699076 , 1.09117e-16 , ;
0 , 0.0724868 , 0.144527 , 0.215675 , 0.285495 , 0.353553 , 0.419433 , 0.482726 , 0.543043 , 0.600012 , 0.653282 , 0.702524 , 0.747435 , 0.787737 , 0.823183 , 0.853554 , 0.878662 , 0.898353 , 0.912506 , 0.921032 , 0.92388 , 0.921032 , 0.912506 , 0.898353 , 0.878662 , 0.853554 , 0.823183 , 0.787737 , 0.747435 , 0.702524 , 0.653282 , 0.600012 , 0.543043 , 0.482726 , 0.419433 , 0.353553 , 0.285495 , 0.215675 , 0.144527 , 0.0724868 , 1.13143e-16 , ;
0 , 0.0746191 , 0.148778 , 0.22202 , 0.293893 , 0.363954 , 0.431771 , 0.496926 , 0.559017 , 0.617662 , 0.672499 , 0.723189 , 0.769422 , 0.810909 , 0.847398 , 0.878662 , 0.904509 , 0.924779 , 0.939348 , 0.948125 , 0.951057 , 0.948125 , 0.939348 , 0.924779 , 0.904509 , 0.878662 , 0.847398 , 0.810909 , 0.769422 , 0.723189 , 0.672499 , 0.617662 , 0.559017 , 0.496926 , 0.431771 , 0.363954 , 0.293893 , 0.22202 , 0.148778 , 0.0746191 , 1.16471e-16 , ;
0 , 0.0762913 , 0.152112 , 0.226995 , 0.300479 , 0.37211 , 0.441447 , 0.508062 , 0.571545 , 0.631504 , 0.68757 , 0.739396 , 0.786664 , 0.829082 , 0.866388 , 0.898353 , 0.924779 , 0.945503 , 0.960399 , 0.969373 , 0.97237 , 0.969373 , 0.960399 , 0.945503 , 0.924779 , 0.898353 , 0.866388 , 0.829082 , 0.786664 , 0.739396 , 0.68757 , 0.631504 , 0.571545 , 0.508062 , 0.441447 , 0.37211 , 0.300479 , 0.226995 , 0.152112 , 0.0762913 , 1.19081e-16 , ;
0 , 0.0774932 , 0.154509 , 0.230571 , 0.305213 , 0.377972 , 0.448402 , 0.516066 , 0.580549 , 0.641453 , 0.698402 , 0.751044 , 0.799057 , 0.842143 , 0.880038 , 0.912506 , 0.939348 , 0.960399 , 0.975529 , 0.984644 , 0.987689 , 0.984644 , 0.975529 , 0.960399 , 0.939348 , 0.912506 , 0.880038 , 0.842143 , 0.799057 , 0.751044 , 0.698402 , 0.641453 , 0.580549 , 0.516066 , 0.448402 , 0.377972 , 0.305213 , 0.230571 , 0.154509 , 0.0774932 , 1.20957e-16 , ;
0 , 0.0782172 , 0.155952 , 0.232726 , 0.308065 , 0.381504 , 0.452591 , 0.520888 , 0.585974 , 0.647446 , 0.704927 , 0.758062 , 0.806523 , 0.850012 , 0.88826 , 0.921032 , 0.948125 , 0.969373 , 0.984644 , 0.993844 , 0.996918 , 0.993844 , 0.984644 , 0.969373 , 0.948125 , 0.921032 , 0.88826 , 0.850012 , 0.806523 , 0.758062 , 0.704927 , 0.647446 , 0.585974 , 0.520888 , 0.452591 , 0.381504 , 0.308065 , 0.232726 , 0.155952 , 0.0782172 , 1.22087e-16 , ;
0 , 0.0784591 , 0.156435 , 0.233445 , 0.309017 , 0.382684 , 0.453991 , 0.522499 , 0.587786 , 0.649448 , 0.707107 , 0.760406 , 0.809018 , 0.852641 , 0.891007 , 0.92388 , 0.951057 , 0.97237 , 0.987689 , 0.996918 , 1 , 0.996918 , 0.987689 , 0.97237 , 0.951057 , 0.92388 , 0.891007 , 0.852641 , 0.809018 , 0.760406 , 0.707107 , 0.649448 , 0.587786 , 0.522499 , 0.453991 , 0.382684 , 0.309017 , 0.233445 , 0.156435 , 0.0784591 , 1.22465e-16 , ;
0 , 0.0782172 , 0.155952 , 0.232726 , 0.308065 , 0.381504 , 0.452591 , 0.520888 , 0.585974 , 0.647446 , 0.704927 , 0.758062 , 0.806523 , 0.850012 , 0.88826 , 0.921032 , 0.948125 , 0.969373 , 0.984644 , 0.993844 , 0.996918 , 0.993844 , 0.984644 , 0.969373 , 0.948125 , 0.921032 , 0.88826 , 0.850012 , 0.806523 , 0.758062 , 0.704927 , 0.647446 , 0.585974 , 0.520888 , 0.452591 , 0.381504 , 0.308065 , 0.232726 , 0.155952 , 0.0782172 , 1.22087e-16 , ;
0 , 0.0774932 , 0.154509 , 0.230571 , 0.305213 , 0.377972 , 0.448402 , 0.516066 , 0.580549 , 0.641453 , 0.698402 , 0.751044 , 0.799057 , 0.842143 , 0.880038 , 0.912506 , 0.939348 , 0.960399 , 0.975529 , 0.984644 , 0.987689 , 0.984644 , 0.975529 , 0.960399 , 0.939348 , 0.912506 , 0.880038 , 0.842143 , 0.799057 , 0.751044 , 0.698402 , 0.641453 , 0.580549 , 0.516066 , 0.448402 , 0.377972 , 0.305213 , 0.230571 , 0.154509 , 0.0774932 , 1.20957e-16 , ;
0 , 0.0762913 , 0.152112 , 0.226995 , 0.300479 , 0.37211 , 0.441447 , 0.508062 , 0.571545 , 0.631504 , 0.68757 , 0.739396 , 0.786664 , 0.829082 , 0.866388 , 0.898353 , 0.924779 , 0.945503 , 0.960399 , 0.969373 , 0.97237 , 0.969373 , 0.960399 , 0.945503 , 0.924779 , 0.898353 , 0.866388 , 0.829082 , 0.786664 , 0.739396 , 0.68757 , 0.631504 , 0.571545 , 0.508062 , 0.441447 , 0.37211 , 0.300479 , 0.226995 , 0.152112 , 0.0762913 , 1.19081e-16 , ;
0 , 0.0746191 , 0.148778 , 0.22202 , 0.293893 , 0.363954 , 0.431771 , 0.496926 , 0.559017 , 0.617662 , 0.672499 , 0.723189 , 0.769422 , 0.810909 , 0.847398 , 0.878662 , 0.904509 , 0.924779 , 0.939348 , 0.948125 , 0.951057 , 0.948125 , 0.939348 , 0.924779 , 0.904509 , 0.878662 , 0.847398 , 0.810909 , 0.769422 , 0.723189 , 0.672499 , 0.617662 , 0.559017 , 0.496926 , 0.431771 , 0.363954 , 0.293893 , 0.22202 , 0.148778 , 0.0746191 , 1.16471e-16 , ;
0 , 0.0724868 , 0.144527 , 0.215675 , 0.285495 , 0.353553 , 0.419433 , 0.482726 , 0.543043 , 0.600012 , 0.653282 , 0.702524 , 0.747435 , 0.787737 , 0.823183 , 0.853554 , 0.878662 , 0.898353 , 0.912506 , 0.921032 , 0.92388 , 0.921032 , 0.912506 , 0.898353 , 0.878662 , 0.853554 , 0.823183 , 0.787737 , 0.747435 , 0.702524 , 0.653282 , 0.600012 , 0.543043 , 0.482726 , 0.419433 , 0.353553 , 0.285495 , 0.215675 , 0.144527 , 0.0724868 , 1.13143e-16 , ;
0 , 0.0699076 , 0.139384 , 0.208001 , 0.275336 , 0.340974 , 0.404509 , 0.46555 , 0.523721 , 0.578663 , 0.630037 , 0.677527 , 0.72084 , 0.759708 , 0.793893 , 0.823183 , 0.847398 , 0.866388 , 0.880038 , 0.88826 , 0.891007 , 0.88826 , 0.880038 , 0.866388 , 0.847398 , 0.823183 , 0.793893 , 0.759708 , 0.72084 , 0.677527 , 0.630037 , 0.578663 , 0.523721 , 0.46555 , 0.404509 , 0.340974 , 0.275336 , 0.208001 , 0.139384 , 0.0699076 , 1.09117e-16 , ;
0 , 0.0668974 , 0.133382 , 0.199045 , 0.26348 , 0.326291 , 0.387091 , 0.445503 , 0.50117 , 0.553746 , 0.602908 , 0.648353 , 0.689801 , 0.726995 , 0.759708 , 0.787737 , 0.810909 , 0.829082 , 0.842143 , 0.850012 , 0.852641 , 0.850012 , 0.842143 , 0.829082 , 0.810909 , 0.787737 , 0.759708 , 0.726995 , 0.689801 , 0.648353 , 0.602908 , 0.553746 , 0.50117 , 0.445503 , 0.387091 , 0.326291 , 0.26348 , 0.199045 , 0.133382 , 0.0668974 , 1.04418e-16 , ;
0 , 0.0634748 , 0.126558 , 0.188861 , 0.25 , 0.309598 , 0.367286 , 0.42271 , 0.475529 , 0.525415 , 0.572062 , 0.615182 , 0.654509 , 0.689801 , 0.72084 , 0.747435 , 0.769422 , 0.786664 , 0.799057 , 0.806523 , 0.809018 , 0.806523 , 0.799057 , 0.786664 , 0.769422 , 0.747435 , 0.72084 , 0.689801 , 0.654509 , 0.615182 , 0.572062 , 0.525415 , 0.475529 , 0.42271 , 0.367286 , 0.309598 , 0.25 , 0.188861 , 0.126558 , 0.0634748 , 9.9076e-17 , ;
0 , 0.0596608 , 0.118954 , 0.177513 , 0.234978 , 0.290995 , 0.345217 , 0.397311 , 0.446956 , 0.493844 , 0.537688 , 0.578217 , 0.615182 , 0.648353 , 0.677527 , 0.702524 , 0.723189 , 0.739396 , 0.751044 , 0.758062 , 0.760406 , 0.758062 , 0.751044 , 0.739396 , 0.723189 , 0.702524 , 0.677527 , 0.648353 , 0.615182 , 0.578217 , 0.537688 , 0.493844 , 0.446956 , 0.397311 , 0.345217 , 0.290995 , 0.234978 , 0.177513 , 0.118954 , 0.0596608 , 9.31229e-17 , ;
0 , 0.055479 , 0.110616 , 0.165071 , 0.218508 , 0.270598 , 0.32102 , 0.369462 , 0.415627 , 0.459229 , 0.5 , 0.537688 , 0.572062 , 0.602908 , 0.630037 , 0.653282 , 0.672499 , 0.68757 , 0.698402 , 0.704927 , 0.707107 , 0.704927 , 0.698402 , 0.68757 , 0.672499 , 0.653282 , 0.630037 , 0.602908 , 0.572062 , 0.537688 , 0.5 , 0.459229 , 0.415627 , 0.369462 , 0.32102 , 0.270598 , 0.218508 , 0.165071 , 0.110616 , 0.055479 , 8.65956e-17 , ;
0 , 0.0509551 , 0.101596 , 0.151611 , 0.200691 , 0.248533 , 0.294843 , 0.339336 , 0.381736 , 0.421783 , 0.459229 , 0.493844 , 0.525415 , 0.553746 , 0.578663 , 0.600012 , 0.617662 , 0.631504 , 0.641453 , 0.647446 , 0.649448 , 0.647446 , 0.641453 , 0.631504 , 0.617662 , 0.600012 , 0.578663 , 0.553746 , 0.525415 , 0.493844 , 0.459229 , 0.421783 , 0.381736 , 0.339336 , 0.294843 , 0.248533 , 0.200691 , 0.151611 , 0.101596 , 0.0509551 , 7.95344e-17 , ;
0 , 0.0461171 , 0.09195 , 0.137216 , 0.181636 , 0.224936 , 0.266849 , 0.307117 , 0.345492 , 0.381736 , 0.415627 , 0.446956 , 0.475529 , 0.50117 , 0.523721 , 0.543043 , 0.559017 , 0.571545 , 0.580549 , 0.585974 , 0.587786 , 0.585974 , 0.580549 , 0.571545 , 0.559017 , 0.543043 , 0.523721 , 0.50117 , 0.475529 , 0.446956 , 0.415627 , 0.381736 , 0.345492 , 0.307117 , 0.266849 , 0.224936 , 0.181636 , 0.137216 , 0.09195 , 0.0461171 , 7.19829e-17 , ;
0 , 0.0409948 , 0.0817368 , 0.121975 , 0.161461 , 0.199952 , 0.23721 , 0.273005 , 0.307117 , 0.339336 , 0.369462 , 0.397311 , 0.42271 , 0.445503 , 0.46555 , 0.482726 , 0.496926 , 0.508062 , 0.516066 , 0.520888 , 0.522499 , 0.520888 , 0.516066 , 0.508062 , 0.496926 , 0.482726 , 0.46555 , 0.445503 , 0.42271 , 0.397311 , 0.369462 , 0.339336 , 0.307117 , 0.273005 , 0.23721 , 0.199952 , 0.161461 , 0.121975 , 0.0817368 , 0.0409948 , 6.39876e-17 , ;
0 , 0.0356197 , 0.0710198 , 0.105982 , 0.140291 , 0.173735 , 0.206108 , 0.23721 , 0.266849 , 0.294843 , 0.32102 , 0.345217 , 0.367286 , 0.387091 , 0.404509 , 0.419433 , 0.431771 , 0.441447 , 0.448402 , 0.452591 , 0.453991 , 0.452591 , 0.448402 , 0.441447 , 0.431771 , 0.419433 , 0.404509 , 0.387091 , 0.367286 , 0.345217 , 0.32102 , 0.294843 , 0.266849 , 0.23721 , 0.206108 , 0.173735 , 0.140291 , 0.105982 , 0.0710198 , 0.0356197 , 5.55978e-17 , ;
0 , 0.030025 , 0.0598649 , 0.0893357 , 0.118256 , 0.146447 , 0.173735 , 0.199952 , 0.224936 , 0.248533 , 0.270598 , 0.290995 , 0.309598 , 0.326291 , 0.340974 , 0.353553 , 0.363954 , 0.37211 , 0.377972 , 0.381504 , 0.382684 , 0.381504 , 0.377972 , 0.37211 , 0.363954 , 0.353553 , 0.340974 , 0.326291 , 0.309598 , 0.290995 , 0.270598 , 0.248533 , 0.224936 , 0.199952 , 0.173735 , 0.146447 , 0.118256 , 0.0893357 , 0.0598649 , 0.030025 , 4.68652e-17 , ;
0 , 0.0242452 , 0.048341 , 0.0721386 , 0.0954916 , 0.118256 , 0.140291 , 0.161461 , 0.181636 , 0.200691 , 0.218508 , 0.234978 , 0.25 , 0.26348 , 0.275336 , 0.285495 , 0.293893 , 0.300479 , 0.305213 , 0.308065 , 0.309017 , 0.308065 , 0.305213 , 0.300479 , 0.293893 , 0.285495 , 0.275336 , 0.26348 , 0.25 , 0.234978 , 0.218508 , 0.200691 , 0.181636 , 0.161461 , 0.140291 , 0.118256 , 0.0954916 , 0.0721386 , 0.048341 , 0.0242452 , 3.78437e-17 , ;
0 , 0.0183159 , 0.0365189 , 0.0544967 , 0.0721386 , 0.0893357 , 0.105982 , 0.121975 , 0.137216 , 0.151611 , 0.165071 , 0.177513 , 0.188861 , 0.199045 , 0.208001 , 0.215675 , 0.22202 , 0.226995 , 0.230571 , 0.232726 , 0.233445 , 0.232726 , 0.230571 , 0.226995 , 0.22202 , 0.215675 , 0.208001 , 0.199045 , 0.188861 , 0.177513 , 0.165071 , 0.151611 , 0.137216 , 0.121975 , 0.105982 , 0.0893357 , 0.0721386 , 0.0544967 , 0.0365189 , 0.0183159 , 2.85888e-17 , ;
0 , 0.0122737 , 0.0244718 , 0.0365189 , 0.048341 , 0.0598649 , 0.0710198 , 0.0817368 , 0.09195 , 0.101596 , 0.110616 , 0.118954 , 0.126558 , 0.133382 , 0.139384 , 0.144527 , 0.148778 , 0.152112 , 0.154509 , 0.155952 , 0.156435 , 0.155952 , 0.154509 , 0.152112 , 0.148778 , 0.144527 , 0.139384 , 0.133382 , 0.126558 , 0.118954 , 0.110616 , 0.101596 , 0.09195 , 0.0817368 , 0.0710198 , 0.0598649 , 0.048341 , 0.0365189 , 0.0244718 , 0.0122737 , 1.91577e-17 , ;
0 , 0.00615583 , 0.0122737 , 0.0183159 , 0.0242452 , 0.030025 , 0.0356197 , 0.0409948 , 0.0461171 , 0.0509551 , 0.055479 , 0.0596608 , 0.0634748 , 0.0668974 , 0.0699076 , 0.0724868 , 0.0746191 , 0.0762913 , 0.0774932 , 0.0782172 , 0.0784591 , 0.0782172 , 0.0774932 , 0.0762913 , 0.0746191 , 0.0724868 , 0.0699076 , 0.0668974 , 0.0634748 , 0.0596608 , 0.055479 , 0.0509551 , 0.0461171 , 0.0409948 , 0.0356197 , 0.030025 , 0.0242452 , 0.0183159 , 0.0122737 , 0.00615583 , 9.60847e-18 , ;
0 , 9.60847e-18 , 1.91577e-17 , 2.85888e-17 , 3.78437e-17 , 4.68652e-17 , 5.55978e-17 , 6.39876e-17 , 7.19829e-17 , 7.95344e-17 , 8.65956e-17 , 9.31229e-17 , 9.9076e-17 , 1.04418e-16 , 1.09117e-16 , 1.13143e-16 , 1.16471e-16 , 1.19081e-16 , 1.20957e-16 , 1.22087e-16 , 1.22465e-16 , 1.22087e-16 , 1.20957e-16 , 1.19081e-16 , 1.16471e-16 , 1.13143e-16 , 1.09117e-16 , 1.04418e-16 , 9.9076e-17 , 9.31229e-17 , 8.65956e-17 , 7.95344e-17 , 7.19829e-17 , 6.39876e-17 , 5.55978e-17 , 4.68652e-17 , 3.78437e-17 , 2.85888e-17 , 1.91577e-17 , 9.60847e-18 , 1.49976e-32 , ;
];
surf(X, Y, u);
