x = 0:1/6:1;
y = 0:1/6:1;
[X, Y] = meshgrid(x, y);
u = [0 , 0 , 0 , 0 , 0 , 0 , 0 , ;
0 , 0.119199 , 0.210059 , 0.238915 , 0.210059 , 0.119199 , 6.12323e-17 , ;
0 , 0.210059 , -0.00198889 , 0.420224 , 0.00198889 , 0.210059 , 1.06058e-16 , ;
0 , 0.238915 , 0.420224 , 0.476875 , 0.420224 , 0.238915 , 1.22465e-16 , ;
0 , 0.210059 , 0.00198889 , 0.420224 , -0.00198889 , 0.210059 , 1.06058e-16 , ;
0 , 0.119199 , 0.210059 , 0.238915 , 0.210059 , 0.119199 , 6.12323e-17 , ;
0 , 6.12323e-17 , 1.06058e-16 , 1.22465e-16 , 1.06058e-16 , 6.12323e-17 , 1.49976e-32 , ;
];
surf(X, Y, u);
