x = 0:1/20:1;
y = 0:1/20:1;
[X, Y] = meshgrid(x, y);
u = [0 , 0 , 0 , 0 , 0 , 0 , 0 , 0 , 0 , 0 , 0 , 0 , 0 , 0 , 0 , 0 , 0 , 0 , 0 , 0 , 0 , ;
0 , 0.0245221 , 0.0484404 , 0.0711659 , 0.0921391 , 0.110844 , 0.126819 , 0.139671 , 0.149084 , 0.154826 , 0.156756 , 0.154826 , 0.149084 , 0.139671 , 0.126819 , 0.110844 , 0.0921391 , 0.0711659 , 0.0484404 , 0.0245221 , 1.91577e-17 , ;
0 , 0.0484404 , 0.095688 , 0.140579 , 0.182009 , 0.218958 , 0.250514 , 0.275903 , 0.294497 , 0.305841 , 0.309653 , 0.305841 , 0.294497 , 0.275903 , 0.250514 , 0.218958 , 0.182009 , 0.140579 , 0.095688 , 0.0484404 , 3.78437e-17 , ;
0 , 0.0711659 , 0.140579 , 0.206532 , 0.267398 , 0.32168 , 0.368042 , 0.405341 , 0.432659 , 0.449324 , 0.454925 , 0.449324 , 0.432659 , 0.405341 , 0.368042 , 0.32168 , 0.267398 , 0.206532 , 0.140579 , 0.0711659 , 5.55978e-17 , ;
0 , 0.0921391 , 0.182009 , 0.267398 , 0.346202 , 0.416482 , 0.476507 , 0.524798 , 0.560167 , 0.581743 , 0.588995 , 0.581743 , 0.560167 , 0.524798 , 0.476507 , 0.416482 , 0.346202 , 0.267398 , 0.182009 , 0.0921391 , 7.19829e-17 , ;
0 , 0.110844 , 0.218958 , 0.32168 , 0.416482 , 0.501029 , 0.573239 , 0.631333 , 0.673882 , 0.699838 , 0.708562 , 0.699838 , 0.673882 , 0.631333 , 0.573239 , 0.501029 , 0.416482 , 0.32168 , 0.218958 , 0.110844 , 8.65956e-17 , ;
0 , 0.126819 , 0.250514 , 0.368042 , 0.476507 , 0.573239 , 0.655855 , 0.722323 , 0.771004 , 0.800701 , 0.810682 , 0.800701 , 0.771004 , 0.722323 , 0.655855 , 0.573239 , 0.476507 , 0.368042 , 0.250514 , 0.126819 , 9.9076e-17 , ;
0 , 0.139671 , 0.275903 , 0.405341 , 0.524798 , 0.631333 , 0.722323 , 0.795526 , 0.849141 , 0.881848 , 0.89284 , 0.881848 , 0.849141 , 0.795526 , 0.722323 , 0.631333 , 0.524798 , 0.405341 , 0.275903 , 0.139671 , 1.09117e-16 , ;
0 , 0.149084 , 0.294497 , 0.432659 , 0.560167 , 0.673882 , 0.771004 , 0.849141 , 0.90637 , 0.94128 , 0.953014 , 0.94128 , 0.90637 , 0.849141 , 0.771004 , 0.673882 , 0.560167 , 0.432659 , 0.294497 , 0.149084 , 1.16471e-16 , ;
0 , 0.154826 , 0.305841 , 0.449324 , 0.581743 , 0.699838 , 0.800701 , 0.881848 , 0.94128 , 0.977536 , 0.989721 , 0.977536 , 0.94128 , 0.881848 , 0.800701 , 0.699838 , 0.581743 , 0.449324 , 0.305841 , 0.154826 , 1.20957e-16 , ;
0 , 0.156756 , 0.309653 , 0.454925 , 0.588995 , 0.708562 , 0.810682 , 0.89284 , 0.953014 , 0.989721 , 1.00206 , 0.989721 , 0.953014 , 0.89284 , 0.810682 , 0.708562 , 0.588995 , 0.454925 , 0.309653 , 0.156756 , 1.22465e-16 , ;
0 , 0.154826 , 0.305841 , 0.449324 , 0.581743 , 0.699838 , 0.800701 , 0.881848 , 0.94128 , 0.977536 , 0.989721 , 0.977536 , 0.94128 , 0.881848 , 0.800701 , 0.699838 , 0.581743 , 0.449324 , 0.305841 , 0.154826 , 1.20957e-16 , ;
0 , 0.149084 , 0.294497 , 0.432659 , 0.560167 , 0.673882 , 0.771004 , 0.849141 , 0.90637 , 0.94128 , 0.953014 , 0.94128 , 0.90637 , 0.849141 , 0.771004 , 0.673882 , 0.560167 , 0.432659 , 0.294497 , 0.149084 , 1.16471e-16 , ;
0 , 0.139671 , 0.275903 , 0.405341 , 0.524798 , 0.631333 , 0.722323 , 0.795526 , 0.849141 , 0.881848 , 0.89284 , 0.881848 , 0.849141 , 0.795526 , 0.722323 , 0.631333 , 0.524798 , 0.405341 , 0.275903 , 0.139671 , 1.09117e-16 , ;
0 , 0.126819 , 0.250514 , 0.368042 , 0.476507 , 0.573239 , 0.655855 , 0.722323 , 0.771004 , 0.800701 , 0.810682 , 0.800701 , 0.771004 , 0.722323 , 0.655855 , 0.573239 , 0.476507 , 0.368042 , 0.250514 , 0.126819 , 9.9076e-17 , ;
0 , 0.110844 , 0.218958 , 0.32168 , 0.416482 , 0.501029 , 0.573239 , 0.631333 , 0.673882 , 0.699838 , 0.708562 , 0.699838 , 0.673882 , 0.631333 , 0.573239 , 0.501029 , 0.416482 , 0.32168 , 0.218958 , 0.110844 , 8.65956e-17 , ;
0 , 0.0921391 , 0.182009 , 0.267398 , 0.346202 , 0.416482 , 0.476507 , 0.524798 , 0.560167 , 0.581743 , 0.588995 , 0.581743 , 0.560167 , 0.524798 , 0.476507 , 0.416482 , 0.346202 , 0.267398 , 0.182009 , 0.0921391 , 7.19829e-17 , ;
0 , 0.0711659 , 0.140579 , 0.206532 , 0.267398 , 0.32168 , 0.368042 , 0.405341 , 0.432659 , 0.449324 , 0.454925 , 0.449324 , 0.432659 , 0.405341 , 0.368042 , 0.32168 , 0.267398 , 0.206532 , 0.140579 , 0.0711659 , 5.55978e-17 , ;
0 , 0.0484404 , 0.095688 , 0.140579 , 0.182009 , 0.218958 , 0.250514 , 0.275903 , 0.294497 , 0.305841 , 0.309653 , 0.305841 , 0.294497 , 0.275903 , 0.250514 , 0.218958 , 0.182009 , 0.140579 , 0.095688 , 0.0484404 , 3.78437e-17 , ;
0 , 0.0245221 , 0.0484404 , 0.0711659 , 0.0921391 , 0.110844 , 0.126819 , 0.139671 , 0.149084 , 0.154826 , 0.156756 , 0.154826 , 0.149084 , 0.139671 , 0.126819 , 0.110844 , 0.0921391 , 0.0711659 , 0.0484404 , 0.0245221 , 1.91577e-17 , ;
0 , 1.91577e-17 , 3.78437e-17 , 5.55978e-17 , 7.19829e-17 , 8.65956e-17 , 9.9076e-17 , 1.09117e-16 , 1.16471e-16 , 1.20957e-16 , 1.22465e-16 , 1.20957e-16 , 1.16471e-16 , 1.09117e-16 , 9.9076e-17 , 8.65956e-17 , 7.19829e-17 , 5.55978e-17 , 3.78437e-17 , 1.91577e-17 , 1.49976e-32 , ;
];
surf(X, Y, u);
